building_facade		0.03081864	0.02298739	0.01494075	0.01509111	0.02087528	0.01365842	0.02472889	0.01532232	0.01393223	0.01571478	0.01930452	0.00910479	0.00963527	0.0146373	0.01761524	0.02637695	0.01662294	0.01555292	0.01546036	0.01600916	0.01950825	0.01256161	0.02129871	0.03084602	0.01965081	0.03588041	0.01721336	0.03377205	0.02341823	0.01791187	0.01641946	0.01593633	0.01587035	0.01570656	0.01851686	0.00950776	0.01708377	0.0142966	0.01778136	0.02362503
restaurant_patio		1.9617E-4	1.5307E-4	8.588E-5	1.7022E-4	4.412E-5	2.523E-5	3.246E-5	1.806E-5	2.988E-5	3.028E-5	4.43E-5	3.949E-5	4.22E-5	8.513E-5	5.767E-5	5.241E-5	5.15E-5	2.593E-5	2.182E-5	2.371E-5	3.975E-5	4.833E-5	3.766E-5	4.883E-5	4.051E-5	9.098E-5	9.432E-5	9.167E-5	8.939E-5	7.401E-5	9.849E-5	1.4124E-4	8.867E-5	8.29E-5	1.084E-4	8.917E-5	1.3573E-4	7.986E-5	1.9093E-4	5.1315E-4
airport_terminal		3.741E-5	2.843E-5	7.47E-6	9.36E-6	3.77E-6	1.09E-6	8.7E-7	5.6E-7	8.7E-7	9.0E-7	1.5E-6	1.0E-6	2.1E-6	4.05E-6	2.28E-6	3.21E-6	3.97E-6	3.94E-6	2.86E-6	8.8E-7	2.28E-6	2.08E-6	5.63E-6	4.62E-6	3.3E-6	3.68E-6	1.474E-5	1.485E-5	5.95E-6	3.33E-6	6.09E-6	5.75E-6	8.07E-6	5.05E-6	7.63E-6	7.22E-6	3.12E-5	2.356E-5	3.562E-5	3.283E-5
cafeteria		1.626E-5	1.47E-5	8.8E-6	1.143E-5	5.44E-6	4.64E-6	3.74E-6	2.96E-6	4.42E-6	3.91E-6	6.84E-6	4.41E-6	5.44E-6	1.141E-5	6.71E-6	7.42E-6	8.44E-6	5.41E-6	4.12E-6	3.55E-6	6.25E-6	7.82E-6	7.12E-6	6.85E-6	5.49E-6	1.126E-5	1.28E-5	1.158E-5	1.063E-5	1.209E-5	9.66E-6	1.722E-5	1.591E-5	1.437E-5	2.128E-5	2.022E-5	2.527E-5	2.285E-5	3.215E-5	4.914E-5
shopfront		0.01276906	0.00480714	0.00127598	8.8672E-4	3.5433E-4	1.3849E-4	1.2159E-4	1.3126E-4	7.823E-5	1.1407E-4	9.406E-5	1.3045E-4	6.893E-5	1.0727E-4	1.7206E-4	2.2454E-4	1.7196E-4	1.9339E-4	1.2746E-4	1.8527E-4	2.18E-4	2.1124E-4	2.1428E-4	4.4985E-4	5.4553E-4	4.255E-4	6.5858E-4	0.00173372	7.0389E-4	3.6018E-4	4.8258E-4	2.0351E-4	1.4154E-4	1.7591E-4	1.3066E-4	8.505E-5	1.9943E-4	2.0812E-4	2.2774E-4	3.6571E-4
desert_vegetation		0.00230614	0.00155559	0.00149644	0.00141742	0.00183521	0.00181222	0.00135029	7.8432E-4	0.00111314	0.00178967	0.00108695	0.00130916	9.8377E-4	8.321E-4	0.0012778	0.00101309	0.00160645	6.8827E-4	9.0588E-4	5.7079E-4	6.2054E-4	5.1962E-4	6.7931E-4	6.8911E-4	0.0011933	0.00120716	6.3148E-4	6.52E-4	6.9715E-4	8.0219E-4	5.2131E-4	6.2403E-4	7.1495E-4	9.6903E-4	0.00128779	0.00169451	0.00106265	0.00127058	0.00144844	9.3484E-4
ski_slope		3.441E-5	6.13E-5	4.119E-5	2.998E-5	1.224E-5	1.015E-5	8.28E-6	7.41E-6	7.69E-6	7.82E-6	6.71E-6	7.19E-6	9.62E-6	6.4E-6	9.54E-6	1.18E-5	1.331E-5	1.298E-5	8.9E-6	6.56E-6	1.129E-5	1.81E-5	1.306E-5	1.595E-5	2.171E-5	5.061E-5	3.347E-5	3.164E-5	5.113E-5	8.359E-5	2.391E-5	2.383E-5	3.448E-5	3.453E-5	7.011E-5	3.049E-5	4.4E-5	1.2357E-4	9.514E-5	8.908E-5
bayou		0.01031352	0.0038043	0.00416859	0.01032046	0.0109048	0.00275842	0.00116898	0.00150854	4.2937E-4	8.8703E-4	0.0013118	0.00149573	0.00179007	0.00131143	0.0017346	0.00495966	0.00402775	0.00269091	0.00485994	0.00751517	0.00960601	0.01491688	0.00199587	0.00434427	0.00816551	0.00528405	0.00347202	0.00326448	0.00688934	0.00408115	0.01097771	0.00260713	0.00614502	0.00646122	0.00169025	0.00198958	0.00187058	0.00193087	0.0017824	8.8495E-4
mountain		0.00379943	0.00246056	0.00227868	0.00310889	0.00214499	0.00244272	0.00315544	0.00216379	0.00197433	0.00252325	0.00210823	0.00215326	0.00130279	0.00152735	0.00244403	0.00158156	0.00483369	0.00316278	0.00802543	0.00424408	0.00270995	0.00294642	0.00554018	0.00350105	0.00514272	0.0092273	0.00280921	0.00435799	0.00278761	0.00626619	0.00543753	0.00312235	0.00527155	0.00963887	0.02110651	0.02592382	0.0114612	0.01532811	0.00752258	0.00991684
bar		0.00193028	0.00132552	0.00113101	7.6261E-4	2.3088E-4	8.419E-5	2.811E-5	4.711E-5	8.103E-5	1.8255E-4	3.932E-5	8.183E-5	4.436E-5	5.399E-5	9.051E-5	1.2504E-4	8.832E-5	6.29E-5	4.078E-5	5.399E-5	6.705E-5	7.755E-5	8.301E-5	1.3153E-4	2.0138E-4	1.5681E-4	2.0081E-4	4.4784E-4	3.9128E-4	1.7964E-4	1.6196E-4	8.292E-5	1.5771E-4	9.159E-5	1.017E-4	1.4511E-4	7.7875E-4	5.7465E-4	4.8998E-4	2.3923E-4
forest_road		0.02330339	0.03804168	0.04119613	0.02615497	0.03199317	0.03032191	0.04961481	0.03062346	0.03750658	0.03913651	0.02665916	0.04751225	0.04277391	0.0349827	0.0542104	0.03561229	0.02417408	0.02819851	0.02485147	0.02269342	0.02452322	0.05210813	0.02394929	0.03642547	0.04426674	0.0336803	0.01321768	0.01505006	0.02059774	0.02926743	0.01488024	0.01529869	0.02534789	0.018601	0.02143865	0.02011584	0.00988788	0.02278591	0.01420743	0.00398712
dinette_home		9.91E-6	6.17E-6	7.99E-6	1.622E-5	4.62E-6	3.46E-6	3.53E-6	2.81E-6	2.92E-6	3.29E-6	4.58E-6	2.88E-6	3.51E-6	5.42E-6	5.26E-6	5.43E-6	6.4E-6	3.47E-6	3.15E-6	2.31E-6	5.24E-6	6.67E-6	5.63E-6	5.63E-6	5.85E-6	1.114E-5	1.706E-5	1.091E-5	9.7E-6	1.429E-5	1.276E-5	1.805E-5	3.041E-5	2.045E-5	1.145E-5	1.197E-5	2.915E-5	5.306E-5	2.733E-5	3.288E-5
wheat_field		0.00465732	0.0044188	0.00612314	0.00533093	0.00517902	0.00344391	0.00461091	0.00297343	0.00573816	0.00464103	0.00683101	0.00838585	0.00693714	0.00617114	0.00368598	0.00241036	0.0019777	0.00523157	0.00630544	0.0058919	0.00321323	0.00345946	0.00565312	0.00580014	0.00326302	0.00647293	0.00328413	0.0023402	0.00353792	0.00352983	0.00301566	0.0052591	0.01835056	0.00582734	0.00508816	0.01307942	0.01705876	0.01388446	0.00768808	0.00482177
courthouse		0.00114542	7.3455E-4	0.0028524	0.00625209	0.00259191	0.00158694	0.00173492	0.00149981	0.00192145	0.00158511	0.0018602	0.00129912	0.00152116	0.00485945	0.00636424	0.00795839	0.00837592	0.00302014	0.00352307	0.00317786	0.00225854	0.00131345	0.00128165	0.00232143	0.00309119	0.00610857	0.00366279	0.0031021	0.0029696	0.00309287	0.00193153	0.00241668	0.00301339	0.00239001	0.00228524	0.00129695	0.00158894	0.00156987	0.00139558	0.00173774
dock		2.6394E-4	1.6973E-4	8.761E-5	1.1069E-4	1.5969E-4	4.557E-5	3.581E-5	2.968E-5	2.753E-5	2.564E-5	5.674E-5	3.378E-5	3.535E-5	4.484E-5	2.731E-5	8.985E-5	9.925E-5	4.207E-5	7.938E-5	1.2671E-4	1.4665E-4	2.1213E-4	5.19E-5	1.5193E-4	7.851E-5	5.19E-5	8.272E-5	1.1099E-4	1.4552E-4	4.506E-5	6.56E-5	7.267E-5	1.5545E-4	7.504E-5	5.622E-5	5.299E-5	1.2966E-4	2.6052E-4	3.5574E-4	2.1161E-4
marsh		0.01662962	0.0066555	0.00722807	0.00873287	0.01027358	0.00398907	0.00329499	0.0041211	0.0020322	0.00375008	0.00248142	0.00252611	0.0030597	0.00213161	0.00400216	0.00607838	0.00713599	0.00461998	0.00729425	0.00848171	0.00587392	0.0101824	0.00376579	0.00512083	0.01097308	0.00894384	0.00415235	0.00242961	0.00505275	0.00460388	0.00846997	0.00312883	0.00735218	0.00689091	0.00344421	0.00424432	0.00371996	0.0034539	0.00298862	0.00186095
shoe_shop		1.7679E-4	1.347E-4	5.573E-5	5.14E-5	3.985E-5	2.992E-5	1.189E-5	1.806E-5	1.672E-5	1.827E-5	1.286E-5	3.137E-5	3.633E-5	2.654E-5	2.091E-5	4.344E-5	2.49E-5	1.755E-5	1.427E-5	1.746E-5	1.683E-5	2.166E-5	2.354E-5	1.735E-5	3.229E-5	1.649E-5	2.165E-5	4.12E-5	3.565E-5	2.389E-5	1.769E-5	1.13E-5	1.349E-5	1.318E-5	2.686E-5	2.595E-5	1.0115E-4	1.2874E-4	8.023E-5	3.537E-5
sandbar		1.8046E-4	1.4661E-4	1.7249E-4	3.9652E-4	3.0722E-4	1.5652E-4	9.365E-5	1.1416E-4	6.768E-5	9.318E-5	8.795E-5	6.43E-5	1.1145E-4	8.454E-5	1.0956E-4	4.8134E-4	1.3247E-4	2.0355E-4	1.6161E-4	1.1518E-4	1.7428E-4	5.1002E-4	1.541E-4	2.406E-4	3.2115E-4	3.6607E-4	1.7205E-4	5.895E-5	2.5176E-4	9.276E-5	1.8108E-4	8.272E-5	1.0202E-4	1.0029E-4	9.25E-5	1.1822E-4	8.52E-5	1.6394E-4	3.3409E-4	2.3675E-4
dorm_room		5.045E-5	4.675E-5	5.413E-5	8.89E-5	5.617E-5	2.607E-5	1.276E-5	7.73E-6	8.6E-6	1.669E-5	4.25E-6	6.23E-6	8.57E-6	6.94E-6	9.53E-6	1.26E-5	1.133E-5	1.026E-5	6.64E-6	6.61E-6	7.78E-6	1.052E-5	1.129E-5	9.27E-6	1.257E-5	2.751E-5	2.713E-5	3.376E-5	2.429E-5	1.487E-5	1.575E-5	1.713E-5	2.938E-5	1.483E-5	2.715E-5	2.603E-5	1.0757E-4	2.2316E-4	6.476E-5	5.074E-5
trench		0.01240821	0.01065399	0.01105537	0.0146949	0.01958371	0.0153364	0.02449246	0.0184165	0.0090237	0.01733021	0.01954886	0.01024044	0.01667707	0.01353668	0.0214902	0.00677543	0.02277575	0.00941668	0.00363785	0.00576248	0.00393533	0.00356746	0.00620125	0.00506217	0.00489365	0.00728114	0.00318383	0.0034932	0.00387627	0.00258352	0.00450752	0.00349966	0.00413997	0.00686747	0.00565619	0.00363326	0.00383376	0.00599192	0.00844008	0.00336956
skyscraper		0.00170943	0.00113558	7.5329E-4	9.3473E-4	0.00527771	0.00236205	0.00188717	0.0034611	0.00144793	7.3783E-4	9.904E-4	9.8846E-4	0.00163981	0.00186139	0.00264645	0.00265349	0.0021391	0.00187308	0.00166609	0.0024337	0.0012891	0.00168483	0.00213472	0.00235231	0.00317874	0.00233441	0.00222499	0.00225332	0.00232564	0.00344116	0.00267632	0.00328341	0.00349022	0.00326657	0.00528066	0.00292805	0.00336007	0.00409536	0.00483225	0.0036035
wind_farm		6.413E-5	6.881E-5	3.892E-5	1.1586E-4	6.855E-5	8.3E-5	4.563E-5	5.335E-5	5.447E-5	7.254E-5	6.336E-5	4.015E-5	4.347E-5	5.936E-5	1.1768E-4	7.63E-5	1.6652E-4	8.845E-5	1.6285E-4	1.7629E-4	7.501E-5	6.102E-5	8.396E-5	1.0631E-4	9.775E-5	1.222E-4	2.2711E-4	2.4035E-4	1.9206E-4	2.0145E-4	5.3932E-4	2.9393E-4	3.9236E-4	1.1822E-4	1.4092E-4	1.0441E-4	1.5241E-4	2.0652E-4	1.5161E-4	2.0546E-4
assembly_line		3.142E-5	2.905E-5	1.234E-5	1.516E-5	2.078E-5	1.198E-5	7.72E-6	5.49E-6	7.62E-6	8.32E-6	4.69E-6	5.7E-6	6.65E-6	6.57E-6	8.46E-6	4.64E-6	7.99E-6	4.8E-6	5.13E-6	5.47E-6	4.99E-6	6.87E-6	5.71E-6	4.99E-6	1.168E-5	1.104E-5	1.959E-5	2.887E-5	1.925E-5	1.101E-5	1.204E-5	1.215E-5	8.23E-6	8.11E-6	8.17E-6	8.54E-6	3.022E-5	3.497E-5	4.249E-5	3.372E-5
amphitheater		0.00593004	0.00389364	0.00237077	0.00249496	0.00184442	0.00292564	0.00339043	0.00348882	0.0034944	0.00264834	0.00228629	0.00174207	0.00569813	0.01209291	0.00570283	0.00302059	0.00146503	0.00135206	0.0017822	0.00121148	0.00157504	8.3109E-4	0.00109013	0.00263173	0.00211838	6.1671E-4	0.00205046	8.6854E-4	6.6533E-4	7.9045E-4	7.6193E-4	0.00199772	7.0792E-4	0.00152394	0.00206933	0.00223112	0.00366685	0.00222871	0.00489551	0.03458176
canyon		0.00158729	0.00125531	0.00113916	0.00158502	0.00103745	0.00178708	0.00212242	0.00295484	0.0018263	0.00198857	0.00133172	0.00172429	0.00112485	7.8206E-4	0.00162468	0.00171949	0.00366249	0.00343042	0.00782403	0.00689985	0.00300981	0.00415029	0.00688045	0.0041818	0.00350324	0.00757909	0.00168018	0.00503541	0.00145238	7.7791E-4	0.00125552	7.0261E-4	9.9305E-4	0.00161539	0.00165097	0.00392299	0.00372054	0.00549407	0.00271108	0.00202953
courtyard		0.02358774	0.02582735	0.05382819	0.0306899	0.04460564	0.04200204	0.0485868	0.0445323	0.05277986	0.0296248	0.05640838	0.06930873	0.0655386	0.08327354	0.06190773	0.07808178	0.05584015	0.02699552	0.04525891	0.0335625	0.03906731	0.0507046	0.03273461	0.03882567	0.03967759	0.04754943	0.14063916	0.05063719	0.0511633	0.09063195	0.07112113	0.05979534	0.04021706	0.0779395	0.12959658	0.16172168	0.21447742	0.1904492	0.1331476	0.16958615
orchard		0.27525857	0.3059166	0.22616334	0.31987336	0.25453523	0.4115023	0.3495045	0.45977366	0.18257058	0.33423823	0.30132297	0.3743789	0.23562159	0.20118916	0.28610748	0.33408573	0.36448798	0.33684602	0.30502796	0.34838635	0.3085958	0.27257705	0.2939451	0.20860812	0.21128309	0.32870018	0.3378912	0.36043558	0.2921202	0.28279442	0.24034178	0.2717416	0.18452927	0.09885374	0.08680528	0.05185548	0.06677575	0.07698382	0.04528899	0.0288838
bridge		0.00368277	0.00967493	0.00287533	0.00627448	0.00369588	0.00372969	0.00129741	6.6496E-4	8.089E-4	8.9433E-4	0.00103247	8.7523E-4	0.00110909	0.00126722	8.1208E-4	9.0483E-4	0.00110343	8.7846E-4	7.976E-4	0.0012952	0.00356154	0.0016103	0.00306649	0.00248465	0.00359256	0.00381144	0.00680207	0.00611242	0.00382739	0.00324657	0.00969465	0.01140344	0.01376646	0.01044692	0.01799219	0.0072424	0.00618925	0.00661814	0.04730524	0.03158469
shower		2.0217E-4	1.8947E-4	3.5208E-4	9.1072E-4	0.00520113	0.00286832	7.812E-4	0.00218406	0.00146496	0.0030596	5.8224E-4	7.4597E-4	0.00195147	9.6588E-4	0.00154289	7.1306E-4	0.00150525	9.9877E-4	7.8904E-4	7.9995E-4	8.4334E-4	0.00165952	0.00101456	5.5205E-4	0.00280453	0.0019553	0.00244719	0.00265148	0.00174154	0.00324207	0.00571454	0.0040946	0.00330318	0.00176349	0.00363933	0.00765515	0.01562918	0.00961327	0.00430677	0.00194726
art_gallery		0.00225523	0.0035559	0.00114341	5.8443E-4	3.5775E-4	1.753E-4	8.249E-5	8.151E-5	8.316E-5	1.542E-4	1.0077E-4	1.549E-4	1.4062E-4	1.2016E-4	8.767E-5	1.8034E-4	1.4015E-4	1.32E-4	7.436E-5	4.939E-5	8.56E-5	1.415E-4	1.6962E-4	1.1282E-4	9.553E-5	1.3201E-4	1.7593E-4	1.5247E-4	1.8017E-4	1.0068E-4	1.2206E-4	9.8E-5	1.6935E-4	1.1222E-4	1.5301E-4	2.0271E-4	0.00103899	0.00159825	6.648E-4	5.6245E-4
bookstore		0.00184235	0.00142531	3.7221E-4	1.2943E-4	6.349E-5	2.02E-5	9.67E-6	1.292E-5	1.212E-5	1.983E-5	1.485E-5	1.912E-5	1.887E-5	2.424E-5	2.231E-5	2.341E-5	2.541E-5	1.607E-5	1.109E-5	1.322E-5	2.691E-5	3.545E-5	2.488E-5	2.614E-5	3.857E-5	2.544E-5	3.073E-5	6.591E-5	4.619E-5	2.865E-5	3.941E-5	2.946E-5	1.513E-5	2.118E-5	2.296E-5	1.387E-5	5.289E-5	5.907E-5	5.968E-5	6.224E-5
volcano		0.00145541	0.00149149	9.012E-4	0.00221675	0.00195367	0.00251311	0.0017382	0.00109873	9.5736E-4	0.00178658	5.2272E-4	9.6479E-4	4.8252E-4	8.4694E-4	0.00274938	8.5776E-4	0.00243705	0.00131455	0.00420672	0.00248651	0.00132506	0.00117638	0.00147403	9.2727E-4	0.00109649	0.00267485	6.4555E-4	0.00162946	0.00117651	0.0010407	0.00204489	0.00161944	0.00326704	0.00485565	0.01574486	0.00944461	0.00352883	0.00388106	0.00193819	0.00484551
kitchen		5.734E-5	2.649E-5	2.138E-5	3.701E-5	3.064E-5	2.272E-5	4.44E-6	5.61E-6	7.01E-6	1.079E-5	3.68E-6	4.59E-6	6.33E-6	8.47E-6	1.01E-5	5.12E-6	8.71E-6	4.9E-6	4.51E-6	5.32E-6	6.32E-6	1.077E-5	4.87E-6	4.52E-6	1.197E-5	1.554E-5	2.475E-5	2.103E-5	1.699E-5	1.052E-5	1.183E-5	1.288E-5	7.82E-6	6.69E-6	6.53E-6	1.024E-5	2.859E-5	4.479E-5	3.005E-5	2.586E-5
cemetery		0.00958833	0.02435218	0.01864417	0.04746629	0.1707293	0.07118019	0.02401422	0.06387597	0.05101211	0.06387287	0.06161081	0.08263176	0.11742984	0.05879164	0.09873906	0.05181806	0.07051957	0.08352131	0.10466509	0.06975743	0.03975798	0.06319678	0.10171487	0.10267157	0.06377271	0.12098965	0.11269108	0.1497855	0.10087197	0.07458153	0.10119817	0.09123436	0.09649974	0.10844904	0.22247456	0.288544	0.167241	0.16474698	0.07467629	0.4125617
staircase		0.00225389	0.00431853	0.01202683	0.00442929	0.0056031	0.00503437	0.0011861	0.00261414	0.00175321	0.0010482	0.00171363	0.00253109	0.00514377	0.00240383	0.00297766	0.00200472	0.00222988	0.00200903	0.00130045	0.00309423	0.00178417	0.00144651	0.0020728	0.00232909	0.00292456	0.00220936	0.00423198	0.00395018	0.00424526	0.00273727	0.00506291	0.00274362	0.00151611	0.00143417	0.00143516	0.00123299	0.00766337	0.00922516	0.00174746	0.00162614
construction_site		0.00270236	0.00334133	0.00220545	0.00622691	0.01427308	0.00213243	0.00306292	0.00297681	0.00135416	0.00250488	0.00218747	0.00222039	0.0041796	0.00259175	0.00137525	0.00227054	0.00298226	0.00351742	0.00385752	0.0032348	0.00418116	0.0036671	0.00364375	0.00294963	0.00809004	0.00391687	0.00612173	0.00453741	0.00358668	0.00195483	0.00818509	0.00501953	0.00231034	0.00233518	0.00155125	0.00148749	0.0018195	0.00229507	0.00147603	0.00202046
sea_cliff		1.3451E-4	2.7546E-4	1.5221E-4	1.6946E-4	1.1795E-4	2.54E-4	2.0647E-4	7.14E-5	9.307E-5	9.876E-5	1.3803E-4	5.351E-5	6.904E-5	7.829E-5	7.51E-5	1.3662E-4	8.892E-5	1.8009E-4	1.4469E-4	9.379E-5	9.409E-5	2.1236E-4	1.0358E-4	1.6504E-4	2.1561E-4	3.2066E-4	1.0078E-4	8.086E-5	6.748E-5	7.06E-5	2.2294E-4	7.577E-5	8.507E-5	1.1638E-4	1.1829E-4	2.7043E-4	9.096E-5	1.7318E-4	5.3775E-4	3.0424E-4
bus_interior		2.245E-5	2.61E-5	1.222E-5	1.686E-5	1.089E-5	8.7E-6	1.225E-5	5.7E-6	7.86E-6	9.04E-6	9.09E-6	5.49E-6	1.109E-5	8.93E-6	1.28E-5	7.38E-6	9.84E-6	8.17E-6	5.78E-6	4.63E-6	8.74E-6	7.1E-6	1.008E-5	1.04E-5	1.221E-5	2.211E-5	2.562E-5	3.022E-5	2.223E-5	1.849E-5	4.223E-5	3.964E-5	3.344E-5	2.159E-5	2.982E-5	4.432E-5	2.8054E-4	2.2787E-4	1.3312E-4	6.907E-5
railroad_track		0.00116942	0.00175356	5.9687E-4	8.4753E-4	8.7597E-4	7.8368E-4	0.00115956	0.00113113	0.00185351	9.5808E-4	0.00120269	0.00100373	0.0011266	5.9414E-4	5.4434E-4	0.00108151	0.00122715	0.002143	0.00120445	0.00177757	0.00212967	0.00124547	6.5611E-4	9.222E-4	0.00229584	0.00104472	0.00249728	0.00272884	0.0018564	0.00176899	0.00338878	0.00423815	0.00256842	0.00213533	0.00125406	0.0010125	0.00208836	0.00273304	0.00380268	0.00423426
closet		3.868E-5	1.779E-5	1.413E-5	3.57E-5	7.746E-5	5.818E-5	1.376E-5	2.754E-5	2.468E-5	3.025E-5	8.21E-6	8.42E-6	2.246E-5	1.63E-5	3.127E-5	1.643E-5	4.197E-5	2.956E-5	2.308E-5	3.116E-5	2.05E-5	3.895E-5	1.518E-5	2.085E-5	5.734E-5	6.214E-5	2.992E-5	5.547E-5	3.43E-5	2.493E-5	3.015E-5	2.22E-5	3.632E-5	3.296E-5	3.743E-5	5.38E-5	1.743E-4	2.825E-4	9.319E-5	6.327E-5
swamp		0.04067009	0.01686134	0.02515164	0.03466394	0.03712097	0.01383726	0.00645411	0.0101834	0.00369711	0.00883844	0.00642652	0.00779125	0.00960155	0.00515542	0.01452173	0.02492223	0.02651077	0.01563513	0.02959689	0.03600317	0.02917269	0.05258866	0.01101687	0.01429463	0.04721713	0.03023804	0.01569234	0.01607705	0.03980265	0.02995056	0.04631561	0.01348141	0.04081017	0.03531766	0.01408902	0.01391916	0.01196152	0.01665692	0.00774895	0.00348227
coffee_shop		0.0027826	0.00151274	9.887E-4	9.785E-4	2.0265E-4	1.1061E-4	3.979E-5	5.342E-5	5.649E-5	7.983E-5	3.18E-5	5.039E-5	2.472E-5	5.47E-5	1.1668E-4	1.2554E-4	1.217E-4	6.599E-5	4.219E-5	5.781E-5	5.72E-5	5.989E-5	5.423E-5	1.0736E-4	2.1105E-4	1.2509E-4	1.6622E-4	4.1222E-4	2.7473E-4	1.3265E-4	2.0841E-4	7.96E-5	7.612E-5	6.895E-5	9.435E-5	1.2599E-4	7.4093E-4	5.7983E-4	4.2617E-4	1.779E-4
botanical_garden		0.05356418	0.07789558	0.05727468	0.07805481	0.08597137	0.07973462	0.06643796	0.07212614	0.08780935	0.09633095	0.09089915	0.07796459	0.10946438	0.1247218	0.09773585	0.15873325	0.13296717	0.13134824	0.12811606	0.10758357	0.15444918	0.11977119	0.14041992	0.152889	0.11458745	0.09830104	0.10229201	0.10808608	0.14033315	0.15039021	0.16034304	0.11360209	0.11524328	0.1954222	0.17933984	0.10200039	0.0779136	0.05162139	0.04382518	0.06599492
pagoda		0.00115248	0.00173161	0.00206878	0.00271484	0.00226566	0.00582843	0.0023986	0.00220274	0.00391254	0.00798449	0.00241475	8.397E-4	0.00321484	0.00496366	0.00569745	0.0049856	0.00675961	0.01736941	0.0102365	0.01280806	0.0044087	0.00274618	0.00321145	0.00444685	0.00925005	0.00139092	0.01972683	0.00394575	0.00226274	0.00382431	0.00331767	0.00359209	0.00129288	0.0047019	0.00219544	0.00271196	0.00327456	0.00269953	0.0019328	0.00693773
cathedral_outdoor		5.9006E-4	7.8646E-4	7.5469E-4	0.00193422	0.0024224	0.00176859	0.00202175	0.00162599	0.00201786	6.4621E-4	9.7643E-4	0.00123958	0.00179337	0.00284579	0.00270074	0.00321409	0.00347049	0.002175	0.00326065	0.00254419	0.00162734	0.00156544	0.00202756	0.00181207	0.00250521	0.00207335	0.0052202	0.00258988	0.00175307	0.00266311	0.00166691	0.00224471	0.00284533	0.00292389	0.00283892	0.00300479	0.00194104	0.00259227	0.00249143	0.00389495
fairway		0.03317383	0.0209515	0.06850454	0.04218605	0.03611358	0.02070488	0.02380044	0.0184773	0.02432278	0.03502163	0.03201459	0.02917706	0.02839592	0.04690298	0.0330817	0.02351997	0.01646291	0.01635198	0.02037734	0.0227931	0.02562929	0.0319408	0.01465499	0.0151178	0.0176021	0.05023208	0.01387788	0.02672696	0.02424337	0.02821062	0.0260628	0.03078729	0.01501118	0.01097718	0.01471779	0.01429477	0.00952965	0.01344018	0.03200836	0.0133024
beauty_salon		1.4676E-4	1.4326E-4	7.906E-5	1.1479E-4	6.902E-5	3.032E-5	9.7E-6	1.327E-5	1.472E-5	2.803E-5	9.52E-6	1.42E-5	1.282E-5	1.611E-5	3.145E-5	1.671E-5	3.573E-5	9.62E-6	1.7E-5	1.295E-5	1.448E-5	1.78E-5	1.165E-5	1.376E-5	2.783E-5	3.999E-5	2.739E-5	4.298E-5	5.625E-5	3.639E-5	2.625E-5	1.41E-5	1.367E-5	1.75E-5	2.481E-5	4.381E-5	1.3417E-4	9.873E-5	4.39E-5	4.064E-5
arch		0.01575167	0.03095101	0.05208866	0.17221597	0.1148788	0.09193134	0.01621079	0.00830849	0.00797581	0.00724925	0.00759657	0.01065252	0.01232537	0.00644954	0.01272027	0.02238526	0.0104782	0.0137991	0.01723961	0.014909	0.03351432	0.0430175	0.01867845	0.04948159	0.0975521	0.06856453	0.07680344	0.05221408	0.04198821	0.06571057	0.0628481	0.07043124	0.03252928	0.08515704	0.0617504	0.07077367	0.05493122	0.02436546	0.11770001	0.10949717
river		0.00201627	8.2686E-4	7.8766E-4	0.00116501	0.00154912	0.00108146	5.4399E-4	0.00102329	3.5792E-4	6.4148E-4	4.7144E-4	2.8413E-4	5.6494E-4	3.3605E-4	5.4885E-4	0.00281966	0.00119996	0.0011586	0.00135047	0.00109978	0.00180278	0.00455128	9.3594E-4	0.00142633	0.00145558	0.00114895	7.2768E-4	4.8062E-4	8.1056E-4	8.8551E-4	0.0030168	6.1342E-4	9.7442E-4	0.00183442	0.0012672	0.00119822	8.6966E-4	0.00186983	0.00371394	0.00284067
home_office		4.521E-5	4.167E-5	2.512E-5	7.742E-5	2.569E-5	1.078E-5	2.7E-6	3.93E-6	4.04E-6	8.12E-6	2.95E-6	2.67E-6	2.88E-6	4.79E-6	5.01E-6	3.31E-6	7.2E-6	3.39E-6	3.6E-6	4.22E-6	4.43E-6	7.87E-6	4.22E-6	5.19E-6	7.61E-6	1.909E-5	1.823E-5	2.87E-5	1.506E-5	1.086E-5	9.64E-6	1.175E-5	1.877E-5	1.15E-5	1.489E-5	1.266E-5	5.202E-5	9.959E-5	3.915E-5	2.965E-5
castle		0.21121685	0.14881158	0.1599284	0.17551494	0.1438214	0.27433276	0.26654565	0.15582219	0.18227164	0.09169475	0.16164117	0.17844446	0.14734446	0.20555472	0.22630817	0.24597724	0.27757037	0.25685802	0.24571647	0.21707466	0.18208472	0.21983093	0.272306	0.3213041	0.21374564	0.24732904	0.2776088	0.20341744	0.18796591	0.23126927	0.1549954	0.21470064	0.4249909	0.43439582	0.32879546	0.437932	0.21035387	0.2789062	0.22364418	0.24222602
slum		0.01966582	0.01248135	0.01650199	0.01153567	0.03185036	0.00713806	0.00820513	0.01637418	0.02035067	0.02532775	0.0204759	0.02857575	0.04000622	0.04254254	0.01587024	0.02361136	0.02991695	0.03788908	0.03580083	0.05504731	0.08652824	0.05136003	0.0720923	0.04071428	0.08919806	0.01815032	0.0349598	0.05287515	0.05703431	0.0165758	0.05170677	0.08109694	0.01183308	0.02371848	0.01275551	0.01402451	0.01395251	0.01632352	0.00836139	0.00922278
corn_field		0.02055717	0.01631191	0.02878937	0.02089708	0.01515737	0.01447201	0.02963736	0.01416771	0.02948335	0.01714573	0.02107006	0.02308996	0.02644804	0.02610361	0.04361513	0.01931387	0.01341749	0.02662352	0.04421068	0.02646685	0.0187639	0.014907	0.01900509	0.02265836	0.0100262	0.01969847	0.01735844	0.00748834	0.01244013	0.00856877	0.00980883	0.02426939	0.05833941	0.01954157	0.01377708	0.0128439	0.02027598	0.01424583	0.02012492	0.01204298
swimming_pool_outdoor		1.741E-5	1.175E-5	1.01E-5	9.03E-6	1.069E-5	4.88E-6	7.65E-6	2.99E-6	3.57E-6	3.83E-6	7.57E-6	4.54E-6	6.49E-6	1.164E-5	1.273E-5	1.146E-5	9.54E-6	5.12E-6	3.32E-6	3.87E-6	6.84E-6	1.101E-5	1.057E-5	8.79E-6	9.99E-6	5.54E-6	1.615E-5	1.477E-5	1.115E-5	8.06E-6	1.405E-5	9.85E-6	4.25E-6	7.61E-6	1.205E-5	1.428E-5	1.212E-5	2.298E-5	3.491E-5	9.945E-5
igloo		2.5453E-4	1.8757E-4	1.6541E-4	1.28E-4	1.1628E-4	1.2308E-4	1.4036E-4	7.26E-5	1.295E-4	1.9967E-4	9.504E-5	7.015E-5	1.1017E-4	6.984E-5	1.9623E-4	1.1094E-4	1.2851E-4	2.1866E-4	1.7654E-4	4.91E-5	9.527E-5	1.3111E-4	2.6285E-4	2.0319E-4	1.4917E-4	1.5212E-4	2.1086E-4	4.681E-4	3.423E-4	1.9017E-4	1.3283E-4	1.2532E-4	1.7278E-4	8.995E-5	1.5315E-4	1.3767E-4	2.7623E-4	6.8491E-4	4.9169E-4	3.3299E-4
excavation		5.1896E-4	0.00121625	4.9417E-4	0.00131114	0.00272914	0.00103075	0.00211051	0.00143577	0.00143722	0.00200255	0.00139597	4.4582E-4	0.00113271	8.5008E-4	8.8817E-4	4.4916E-4	6.4583E-4	6.847E-4	9.3387E-4	0.00109212	7.3636E-4	8.0127E-4	2.8902E-4	4.493E-4	6.8815E-4	0.00169414	0.00108822	8.0166E-4	5.6587E-4	2.536E-4	4.7727E-4	4.538E-4	5.5992E-4	5.9236E-4	6.6947E-4	5.8799E-4	0.00101854	6.9374E-4	0.00229366	0.00111967
highway		5.2459E-4	5.2511E-4	2.6664E-4	2.9816E-4	1.9259E-4	2.3154E-4	2.3677E-4	1.53E-4	2.7778E-4	2.4627E-4	2.4115E-4	2.948E-4	3.2933E-4	3.4058E-4	1.7425E-4	1.772E-4	1.4655E-4	1.3382E-4	1.9022E-4	1.8757E-4	1.7446E-4	4.318E-4	1.9892E-4	3.3821E-4	5.0547E-4	2.1092E-4	3.1389E-4	2.0685E-4	1.3433E-4	3.0039E-4	1.5158E-4	1.4342E-4	1.34E-4	2.186E-4	5.5278E-4	3.5755E-4	5.659E-4	4.9839E-4	0.00100416	6.513E-4
ruin		0.2806012	0.2677545	0.1891718	0.16986324	0.2462614	0.30778053	0.40550593	0.39256456	0.51201856	0.5596196	0.6057438	0.41371718	0.41103002	0.41220984	0.35993257	0.36041364	0.32411182	0.32749227	0.4022765	0.38927528	0.44984433	0.44091588	0.438409	0.40531945	0.45557186	0.42677343	0.3183458	0.34999964	0.3338531	0.28358713	0.29246685	0.24609599	0.250817	0.31436244	0.25142407	0.21759357	0.23610742	0.24414393	0.22573297	0.21749942
hotel_room		2.041E-5	1.731E-5	1.041E-5	2.395E-5	1.621E-5	1.408E-5	3.072E-5	9.6E-6	1.234E-5	1.211E-5	1.178E-5	9.34E-6	1.558E-5	1.524E-5	3.36E-5	3.53E-5	2.981E-5	2.62E-5	1.769E-5	8.76E-6	1.966E-5	2.88E-5	2.902E-5	2.624E-5	2.895E-5	4.745E-5	6.884E-5	5.959E-5	3.395E-5	5.293E-5	4.523E-5	4.469E-5	6.334E-5	3.636E-5	3.969E-5	5.86E-5	1.6662E-4	4.0062E-4	1.2558E-4	1.3011E-4
palace		0.00487107	0.00540619	0.00676814	0.00973468	0.00903098	0.00612638	0.00532589	0.00444489	0.0051279	0.00285603	0.00824901	0.00377595	0.00539152	0.01052551	0.00736487	0.01475679	0.01049118	0.00988126	0.01167314	0.01332383	0.0108662	0.01284422	0.01051822	0.01283245	0.00983921	0.00784339	0.03415553	0.01294714	0.00943397	0.01129591	0.00502461	0.00818788	0.01638305	0.01637832	0.0118877	0.01603805	0.01504242	0.02211071	0.01859497	0.02447797
game_room		9.266E-5	9.208E-5	3.883E-5	6.587E-5	1.773E-5	1.162E-5	1.085E-5	4.24E-6	5.49E-6	1.063E-5	5.31E-6	3.51E-6	7.85E-6	1.016E-5	1.022E-5	7.44E-6	5.74E-6	6.11E-6	2.97E-6	2.7E-6	4.37E-6	7.16E-6	7.54E-6	6.08E-6	7.08E-6	1.319E-5	1.304E-5	1.304E-5	9.96E-6	8.11E-6	8.86E-6	1.386E-5	2.437E-5	1.207E-5	1.104E-5	9.78E-6	4.672E-5	7.184E-5	1.5213E-4	1.164E-4
desert_sand		6.8055E-4	8.7065E-4	5.7995E-4	8.0086E-4	7.1751E-4	8.4893E-4	0.00112161	4.2474E-4	5.2439E-4	0.00124465	9.3595E-4	0.00106983	9.1167E-4	6.6275E-4	0.00137286	9.5643E-4	0.00148503	8.8893E-4	5.1736E-4	3.6355E-4	5.4215E-4	3.5706E-4	6.6183E-4	5.4882E-4	8.8652E-4	6.5336E-4	5.0106E-4	5.3084E-4	6.6658E-4	3.0937E-4	3.8031E-4	2.8666E-4	4.1125E-4	2.8116E-4	2.5214E-4	6.2855E-4	9.8431E-4	0.00168409	0.00174236	0.00103172
gift_shop		3.5076E-4	4.1312E-4	1.2363E-4	1.1999E-4	1.1444E-4	5.705E-5	2.081E-5	3.266E-5	2.49E-5	4.054E-5	1.698E-5	2.135E-5	1.815E-5	2.205E-5	4.503E-5	2.95E-5	5.22E-5	1.791E-5	2.105E-5	1.9E-5	1.605E-5	2.412E-5	1.985E-5	2.285E-5	3.535E-5	4.365E-5	2.659E-5	4.746E-5	4.574E-5	3.527E-5	3.591E-5	1.774E-5	1.9E-5	2.049E-5	1.966E-5	2.176E-5	7.24E-5	8.464E-5	6.872E-5	4.409E-5
market_outdoor		2.1539E-4	1.8853E-4	4.747E-5	1.1163E-4	8.545E-5	4.878E-5	5.806E-5	3.228E-5	4.284E-5	8.304E-5	4.444E-5	5.821E-5	7.809E-5	1.2361E-4	8.179E-5	6.515E-5	7.0E-5	3.529E-5	2.348E-5	3.127E-5	4.061E-5	2.421E-5	3.55E-5	3.089E-5	4.892E-5	2.852E-5	3.649E-5	8.883E-5	6.933E-5	3.438E-5	6.325E-5	3.089E-5	3.915E-5	4.108E-5	8.85E-5	4.208E-5	8.522E-5	6.51E-5	1.54E-4	1.8793E-4
temple_east_asia		0.0030533	0.00928725	0.00274626	0.0061484	0.00642652	0.00731724	0.00391701	0.00345051	0.00322788	0.0053157	0.00317823	0.00145342	0.00301624	0.00291312	0.00363791	0.00845787	0.00400191	0.01003638	0.0069908	0.00374968	0.00263413	0.00204516	0.00227817	0.00149111	0.00467127	0.00103396	0.00617542	9.1535E-4	0.00128265	0.0020607	0.00156937	0.00114828	0.00102518	0.00262718	0.00137745	0.00269628	0.00227804	0.00281832	0.00268851	0.0053501
amusement_park		7.5172E-4	0.00101368	3.013E-4	5.4721E-4	2.6757E-4	3.4941E-4	5.3652E-4	3.285E-4	7.6603E-4	8.7369E-4	3.6372E-4	1.8719E-4	5.257E-4	6.6819E-4	1.9392E-4	3.4465E-4	3.295E-4	5.2309E-4	6.2589E-4	2.6238E-4	0.00102867	5.1541E-4	0.00107781	6.7057E-4	7.1409E-4	8.7262E-4	0.00228389	0.00238381	0.00117852	9.5042E-4	0.00366048	0.0023057	0.00228759	0.00239698	0.00146841	4.9542E-4	0.0016047	7.7469E-4	0.00435195	0.00645763
laundromat		2.4496E-4	1.7557E-4	8.887E-5	3.79E-5	1.701E-5	6.59E-6	4.61E-6	2.62E-6	2.95E-6	3.56E-6	3.54E-6	3.67E-6	4.39E-6	6.78E-6	5.83E-6	5.74E-6	7.42E-6	7.43E-6	5.08E-6	3.59E-6	9.69E-6	6.91E-6	1.02E-5	1.021E-5	9.25E-6	1.402E-5	2.142E-5	2.701E-5	1.764E-5	1.353E-5	2.767E-5	2.71E-5	1.454E-5	7.4E-6	1.06E-5	2.124E-5	1.0213E-4	5.832E-5	7.27E-5	4.615E-5
ocean		7.498E-5	1.1612E-4	6.647E-5	1.4406E-4	9.811E-5	7.784E-5	5.732E-5	5.308E-5	4.689E-5	4.547E-5	5.385E-5	3.493E-5	5.388E-5	4.682E-5	5.776E-5	2.6414E-4	9.497E-5	1.5774E-4	1.3491E-4	7.377E-5	1.1476E-4	2.5677E-4	1.1841E-4	1.3581E-4	2.6842E-4	3.3919E-4	1.6607E-4	9.612E-5	2.8834E-4	1.0981E-4	2.9893E-4	1.337E-4	1.4023E-4	1.3576E-4	1.3384E-4	1.9118E-4	1.2688E-4	1.655E-4	5.4471E-4	2.8991E-4
ballroom		7.168E-5	1.1032E-4	2.217E-5	3.193E-5	2.384E-5	1.642E-5	3.177E-5	2.029E-5	3.539E-5	1.853E-5	2.791E-5	2.219E-5	5.002E-5	7.971E-5	8.024E-5	1.5111E-4	9.07E-5	9.184E-5	1.0381E-4	2.978E-5	4.848E-5	9.168E-5	1.3486E-4	1.0973E-4	8.675E-5	1.1877E-4	4.0311E-4	1.2816E-4	9.885E-5	2.0319E-4	1.3382E-4	1.529E-4	2.9272E-4	9.745E-5	6.564E-5	8.502E-5	4.8282E-4	7.8837E-4	5.6003E-4	8.3329E-4
basement		0.01300102	0.00482087	0.00281356	0.00157689	0.00278151	0.0016464	4.2871E-4	6.4352E-4	0.00116156	0.00468303	0.00111977	0.00149345	0.00182978	0.00104357	5.341E-4	4.2989E-4	4.9734E-4	7.3505E-4	5.3317E-4	7.6092E-4	0.00101972	0.00211356	7.0162E-4	7.0502E-4	0.00146282	0.00407535	0.00262614	0.00298453	0.00270653	0.00171667	0.00170207	0.00198774	0.00192112	9.737E-4	0.00114586	9.7797E-4	0.00288508	0.0056995	0.0021912	0.00176751
auditorium		4.178E-5	8.16E-5	2.715E-5	3.552E-5	5.465E-5	3.813E-5	2.763E-5	2.856E-5	3.212E-5	4.09E-5	2.344E-5	1.742E-5	3.247E-5	6.881E-5	4.625E-5	3.119E-5	3.147E-5	3.153E-5	5.324E-5	3.775E-5	3.294E-5	4.254E-5	3.004E-5	4.396E-5	3.518E-5	1.2697E-4	1.6016E-4	1.7721E-4	2.0589E-4	8.908E-5	7.994E-5	9.268E-5	1.2783E-4	4.73E-5	7.521E-5	6.848E-5	3.1231E-4	5.4111E-4	5.7885E-4	0.00393379
crevasse		1.023E-5	1.125E-5	8.18E-6	1.428E-5	8.42E-6	3.091E-5	1.342E-5	7.35E-6	1.052E-5	1.182E-5	8.86E-6	8.48E-6	1.2E-5	8.16E-6	2.019E-5	1.043E-5	3.062E-5	1.876E-5	3.16E-5	2.525E-5	1.285E-5	1.525E-5	2.035E-5	1.768E-5	1.9E-5	3.255E-5	1.532E-5	3.992E-5	2.561E-5	2.286E-5	2.267E-5	1.49E-5	3.157E-5	3.538E-5	1.1107E-4	5.275E-5	4.747E-5	1.4159E-4	4.566E-5	3.452E-5
office_building		0.00419125	0.00247894	0.00306716	0.00349958	0.00560481	0.00169383	0.00188233	0.00176953	0.00141073	0.00149631	0.00230877	0.00126321	0.00184552	0.00292186	0.00357923	0.0049866	0.00361316	0.00271262	0.00226791	0.0022347	0.00389198	0.0019789	0.00378143	0.00411724	0.00291053	0.00744913	0.00318538	0.00744307	0.00389289	0.00357639	0.00305782	0.00340157	0.00365864	0.00316354	0.00524761	0.00235789	0.00437779	0.00392766	0.00456456	0.00515816
television_studio		4.962E-5	5.891E-5	4.368E-5	4.893E-5	2.693E-5	1.101E-5	1.252E-5	1.166E-5	1.752E-5	1.753E-5	1.406E-5	8.76E-6	1.421E-5	2.73E-5	2.013E-5	1.667E-5	1.998E-5	1.978E-5	2.139E-5	1.392E-5	2.905E-5	3.149E-5	2.725E-5	3.16E-5	3.198E-5	2.041E-5	5.508E-5	3.532E-5	3.057E-5	4.098E-5	4.934E-5	7.335E-5	1.1067E-4	4.436E-5	7.15E-5	7.951E-5	5.702E-4	3.3741E-4	2.9815E-4	2.6981E-4
ice_skating_rink_outdoor		1.318E-5	7.71E-6	7.63E-6	1.285E-5	8.57E-6	1.289E-5	7.28E-6	1.696E-5	7.34E-6	6.46E-6	5.91E-6	4.34E-6	1.223E-5	2.277E-5	1.571E-5	1.891E-5	1.164E-5	1.452E-5	9.8E-6	9.91E-6	1.966E-5	3.709E-5	2.351E-5	3.549E-5	2.737E-5	1.895E-5	3.588E-5	2.221E-5	3.08E-5	4.031E-5	3.08E-5	2.689E-5	2.421E-5	3.033E-5	4.025E-5	2.221E-5	7.012E-5	1.4909E-4	1.8365E-4	1.8203E-4
clothing_store		2.9242E-4	3.3735E-4	1.3757E-4	1.4391E-4	2.6988E-4	1.3694E-4	6.275E-5	8.844E-5	5.356E-5	7.157E-5	3.115E-5	5.14E-5	6.769E-5	6.153E-5	1.7504E-4	9.383E-5	1.8762E-4	7.788E-5	8.765E-5	9.164E-5	5.467E-5	7.203E-5	6.559E-5	6.779E-5	2.4191E-4	1.6772E-4	1.2841E-4	2.1143E-4	1.9773E-4	1.6347E-4	1.4776E-4	8.344E-5	8.89E-5	8.404E-5	1.0816E-4	6.667E-5	3.2571E-4	2.6754E-4	1.4609E-4	1.3694E-4
stage_indoor		4.065E-5	8.034E-5	2.525E-5	4.416E-5	3.991E-5	2.918E-5	1.91E-5	3.119E-5	2.939E-5	2.484E-5	3.311E-5	1.447E-5	2.714E-5	4.978E-5	2.734E-5	3.8E-5	2.14E-5	3.723E-5	7.965E-5	3.034E-5	5.639E-5	5.048E-5	3.618E-5	7.741E-5	5.518E-5	5.332E-5	7.447E-5	7.401E-5	7.59E-5	8.786E-5	8.193E-5	2.4027E-4	3.0435E-4	1.067E-4	2.001E-4	1.4423E-4	8.8878E-4	9.4492E-4	0.00144134	0.00487514
rock_arch		4.8426E-4	3.193E-4	2.8317E-4	4.2839E-4	3.4205E-4	5.9392E-4	5.2025E-4	1.7346E-4	2.7775E-4	3.2604E-4	4.4706E-4	2.4981E-4	2.2087E-4	2.0499E-4	3.7588E-4	5.0694E-4	5.2174E-4	5.3666E-4	5.6415E-4	5.4377E-4	4.7801E-4	5.7129E-4	5.0733E-4	6.4337E-4	6.9159E-4	0.00179329	6.3095E-4	0.00173546	8.9546E-4	6.7011E-4	7.4753E-4	6.8423E-4	7.0954E-4	0.00184534	0.00255342	0.00476785	0.00159517	0.00454807	0.01995472	0.00708127
aqueduct		0.00604412	0.0080521	0.00682658	0.01844942	0.01683787	0.01487862	0.00670122	0.00289899	0.00268224	0.00353374	0.0024868	0.00331201	0.00283123	0.00384704	0.00351338	0.00377647	0.00525846	0.00420237	0.00417459	0.00567491	0.01268926	0.00970113	0.00556102	0.00589507	0.00646434	0.0072158	0.00836518	0.00614602	0.00687985	0.00620914	0.00920794	0.00764854	0.00749634	0.01176585	0.01861943	0.00977216	0.00802154	0.00552518	0.03138067	0.02165399
temple_south_asia		0.00255746	0.00822025	0.00221709	0.00427333	0.00480827	0.00684562	0.00298757	0.00262073	0.0036382	0.00838275	0.00415844	0.00253825	0.00387288	0.00495715	0.0044695	0.01058761	0.00481353	0.01269441	0.00700799	0.00406776	0.00264989	0.00302502	0.00317375	0.00156797	0.00518308	0.00147797	0.00619764	0.00117578	0.00192887	0.00179734	0.00230912	0.00199143	0.00167461	0.00286169	0.00314598	0.00494495	0.00379888	0.00394668	0.00252284	0.00458912
watering_hole		0.00310077	0.0011126	0.00274392	0.0036769	0.00359051	0.00114288	9.9212E-4	0.0012643	4.2715E-4	0.00113987	4.9487E-4	6.3475E-4	8.3016E-4	0.00106127	0.00116326	0.00353643	0.00179829	0.00135178	0.00162557	0.00168873	0.00172328	0.00369712	9.9853E-4	0.00123134	0.00153626	0.0024467	5.7491E-4	4.8396E-4	8.8859E-4	0.00101837	0.00245866	8.8567E-4	9.0843E-4	0.00145384	0.00186701	0.0022022	0.00137557	0.00278116	0.00477873	0.00280914
reception		5.967E-5	7.668E-5	2.681E-5	3.553E-5	1.177E-5	5.81E-6	3.93E-6	2.24E-6	3.25E-6	3.38E-6	2.04E-6	1.74E-6	2.19E-6	4.58E-6	4.47E-6	6.19E-6	6.06E-6	4.58E-6	4.29E-6	2.21E-6	2.98E-6	4.46E-6	5.25E-6	3.99E-6	4.46E-6	1.326E-5	1.121E-5	1.135E-5	1.082E-5	8.77E-6	1.071E-5	8.39E-6	9.18E-6	5.02E-6	5.69E-6	1.055E-5	5.839E-5	1.039E-4	7.34E-5	1.1628E-4
pasture		0.04524338	0.05300465	0.04239424	0.0493683	0.04349668	0.02279342	0.04266741	0.0486645	0.0399935	0.07081613	0.04787087	0.10440441	0.05368401	0.08764767	0.04684344	0.03952524	0.04952085	0.040918	0.04607467	0.07457341	0.04726204	0.0509761	0.07860217	0.07043009	0.04350387	0.06301476	0.04068455	0.02750687	0.04118432	0.0460639	0.04908847	0.04498202	0.05918772	0.03689481	0.05046036	0.11152608	0.10452349	0.09675985	0.09965555	0.01989764
mansion		0.01649599	0.01784295	0.03429016	0.04361105	0.01867308	0.02029752	0.02023703	0.02033987	0.02788491	0.01866704	0.04763138	0.02843544	0.02042612	0.04112749	0.03395091	0.04012872	0.04668479	0.04797331	0.03100221	0.02625491	0.0293466	0.01878626	0.04178144	0.06431566	0.03667191	0.07911053	0.1233959	0.05027226	0.05596067	0.05390408	0.03588795	0.03384874	0.03361131	0.0449822	0.03056717	0.02659056	0.04450952	0.03199156	0.03306831	0.05182721
field_cultivated		0.05557771	0.04278996	0.06347352	0.05671483	0.05944181	0.03697094	0.05527587	0.04454686	0.05646596	0.04562772	0.03848498	0.05221359	0.03707805	0.05193941	0.05476814	0.03203351	0.03294362	0.02272759	0.0290409	0.02292443	0.01766997	0.02412856	0.01854102	0.01797317	0.01976799	0.01983576	0.01818798	0.00990154	0.01292439	0.0108351	0.0112823	0.01855283	0.01949015	0.01688485	0.02152015	0.01276867	0.01709595	0.01723937	0.0136086	0.01771547
racecourse		2.6725E-4	2.2989E-4	2.218E-4	3.4482E-4	2.5013E-4	2.8402E-4	3.8322E-4	4.6057E-4	4.235E-4	4.4859E-4	4.6782E-4	5.6855E-4	5.564E-4	7.0216E-4	3.0741E-4	3.9059E-4	3.8427E-4	3.8084E-4	4.7109E-4	5.2589E-4	5.8013E-4	6.42E-4	6.3024E-4	0.00133782	0.00108296	6.7019E-4	9.4434E-4	0.00107679	6.4161E-4	9.9998E-4	0.00189009	0.00188766	0.00131971	6.0625E-4	0.00116455	0.00188882	0.00619663	0.00333407	0.00646453	0.0037688
butchers_shop		8.822E-4	7.6946E-4	1.7578E-4	2.1704E-4	1.1087E-4	4.837E-5	3.079E-5	3.264E-5	3.173E-5	6.277E-5	1.992E-5	2.321E-5	2.327E-5	3.105E-5	4.599E-5	3.575E-5	6.252E-5	3.598E-5	2.642E-5	3.69E-5	3.622E-5	4.937E-5	4.909E-5	4.569E-5	1.5974E-4	6.62E-5	1.065E-4	1.7588E-4	1.6788E-4	9.917E-5	2.014E-4	1.2538E-4	4.476E-5	5.163E-5	9.379E-5	1.2204E-4	3.6679E-4	2.7836E-4	2.2408E-4	1.2226E-4
aquarium		6.459E-5	1.2833E-4	3.834E-5	3.869E-5	5.119E-5	4.287E-5	1.234E-5	5.93E-6	7.5E-6	2.839E-5	6.48E-6	8.05E-6	9.81E-6	1.279E-5	2.09E-5	1.912E-5	1.962E-5	2.02E-5	1.304E-5	9.84E-6	1.128E-5	2.307E-5	3.454E-5	2.176E-5	2.648E-5	1.1623E-4	5.262E-5	7.592E-5	4.999E-5	4.431E-5	4.826E-5	6.387E-5	2.1695E-4	1.6502E-4	5.5235E-4	4.1876E-4	9.9124E-4	0.00101752	9.139E-4	5.2468E-4
bedroom		3.767E-5	3.446E-5	1.973E-5	7.434E-5	7.507E-5	4.294E-5	5.04E-5	1.478E-5	1.36E-5	2.449E-5	1.813E-5	1.205E-5	2.089E-5	1.727E-5	4.617E-5	5.323E-5	4.172E-5	3.447E-5	2.178E-5	1.167E-5	2.795E-5	4.485E-5	4.992E-5	3.785E-5	3.911E-5	7.307E-5	9.928E-5	7.482E-5	3.931E-5	6.994E-5	6.581E-5	6.853E-5	1.0229E-4	4.234E-5	4.543E-5	7.533E-5	2.7077E-4	6.5957E-4	1.4907E-4	1.0353E-4
yard 		0.03613068	0.03554461	0.05974804	0.06727146	0.07078084	0.04066195	0.0702978	0.05689592	0.0924512	0.11484889	0.13488516	0.12615956	0.10966521	0.11747825	0.09549104	0.04603735	0.08280477	0.04716493	0.04384607	0.02818553	0.0446089	0.04208302	0.07261865	0.11103708	0.05775296	0.05128098	0.11835716	0.09669897	0.0668456	0.07850977	0.09035346	0.0704822	0.06488217	0.0573415	0.0526139	0.05063954	0.10232943	0.05847295	0.14091913	0.0847341
hospital_room		3.854E-5	2.872E-5	3.84E-5	4.227E-5	2.634E-5	1.669E-5	1.13E-5	5.67E-6	7.61E-6	1.376E-5	9.91E-6	9.17E-6	1.234E-5	1.394E-5	1.863E-5	2.227E-5	2.9E-5	2.364E-5	2.126E-5	9.61E-6	1.938E-5	2.332E-5	4.117E-5	2.664E-5	2.188E-5	3.859E-5	4.369E-5	4.458E-5	3.662E-5	3.426E-5	4.434E-5	3.803E-5	3.944E-5	1.657E-5	2.095E-5	3.424E-5	1.2556E-4	1.6821E-4	4.721E-5	4.116E-5
stadium_baseball		6.751E-5	6.213E-5	3.417E-5	5.25E-5	2.979E-5	4.316E-5	3.465E-5	2.944E-5	4.913E-5	6.094E-5	6.356E-5	2.47E-5	8.326E-5	1.8078E-4	4.02E-5	3.836E-5	3.713E-5	5.372E-5	1.867E-5	2.589E-5	3.596E-5	3.264E-5	5.923E-5	6.159E-5	6.336E-5	3.19E-5	1.6384E-4	1.6627E-4	3.479E-5	7.905E-5	9.966E-5	1.4116E-4	8.094E-5	8.31E-5	1.4157E-4	8.053E-5	5.5006E-4	3.826E-4	0.00161002	0.00521715
attic		3.3936E-4	1.6215E-4	2.0597E-4	3.6649E-4	2.5609E-4	1.6588E-4	3.764E-5	5.396E-5	9.263E-5	3.2702E-4	5.911E-5	3.972E-5	5.306E-5	3.415E-5	4.915E-5	4.131E-5	6.8E-5	5.919E-5	6.427E-5	6.927E-5	7.412E-5	1.3703E-4	1.025E-4	1.0201E-4	1.2271E-4	2.4082E-4	4.1968E-4	3.3272E-4	2.284E-4	2.1146E-4	2.4228E-4	2.0199E-4	2.1915E-4	1.795E-4	1.436E-4	1.8441E-4	8.9115E-4	0.00180833	9.9616E-4	7.3415E-4
pulpit		1.578E-4	1.8735E-4	3.5075E-4	4.4688E-4	3.4581E-4	1.8019E-4	5.577E-5	1.215E-4	1.5E-4	1.6928E-4	7.582E-5	1.0912E-4	2.1056E-4	2.3592E-4	2.6124E-4	1.2695E-4	2.2309E-4	1.091E-4	1.1388E-4	1.4831E-4	1.7067E-4	3.5042E-4	8.548E-5	1.1482E-4	2.5584E-4	3.1595E-4	2.86E-4	4.208E-4	2.8537E-4	3.3487E-4	5.2435E-4	2.245E-4	1.7945E-4	1.5674E-4	1.657E-4	2.501E-4	7.1999E-4	0.00153694	4.9404E-4	5.0397E-4
dining_room		4.895E-5	2.607E-5	2.546E-5	4.102E-5	1.133E-5	7.72E-6	1.191E-5	5.55E-6	6.86E-6	1.762E-5	7.52E-6	9.18E-6	1.378E-5	1.705E-5	2.209E-5	2.943E-5	2.741E-5	1.823E-5	1.641E-5	8.72E-6	2.139E-5	3.864E-5	2.793E-5	2.648E-5	2.473E-5	6.077E-5	7.885E-5	4.625E-5	3.082E-5	5.195E-5	4.068E-5	7.929E-5	1.5325E-4	7.465E-5	3.73E-5	4.123E-5	1.0906E-4	2.0543E-4	1.3694E-4	1.4608E-4
campsite		0.01953802	0.02593739	0.02605461	0.01685451	0.01316953	0.01089209	0.01144692	0.00695208	0.00706253	0.00531163	0.00554504	0.00547573	0.00495379	0.00474207	0.0067757	0.00728526	0.0050095	0.00284684	0.00585979	0.00344717	0.00540019	0.00635592	0.00477541	0.00818288	0.01536383	0.02258542	0.01301022	0.02523986	0.03174773	0.01857501	0.01601824	0.02241499	0.02795505	0.03033826	0.01464849	0.02576134	0.02445645	0.043866	0.03433819	0.00605283
inn_outdoor		0.01758769	0.01347303	0.00860588	0.01102006	0.0048272	0.00152852	0.00206575	0.00289523	0.0010562	9.628E-4	0.0010213	0.00142303	8.9271E-4	0.0014202	0.00216445	0.00239837	0.00274172	0.0035772	0.00178221	0.00230976	0.00349839	0.00194079	0.00239949	0.00361914	0.00221468	0.0029314	0.00413787	0.00422497	0.0051803	0.00215318	0.00385237	0.0014618	0.00160464	0.00158333	0.00139814	0.002118	0.00298492	0.00233765	0.00222089	0.00343978
garbage_dump		4.8562E-4	4.0624E-4	2.247E-4	4.6978E-4	0.00144029	6.5145E-4	6.8627E-4	6.7495E-4	6.0776E-4	0.00108864	9.7886E-4	8.9183E-4	9.8925E-4	0.00106444	5.0941E-4	9.1036E-4	8.9202E-4	0.00136268	0.00107055	9.9163E-4	0.00112408	7.6999E-4	8.6796E-4	8.6947E-4	0.00216093	0.00127616	0.00203858	0.00152823	0.00138896	8.4334E-4	9.2962E-4	0.00116364	5.5437E-4	6.9742E-4	5.0416E-4	4.6685E-4	4.796E-4	5.1279E-4	7.5911E-4	5.5267E-4
viaduct		0.00412957	0.01140745	0.00450513	0.0176873	0.01997032	0.0143294	0.00431014	0.00130678	0.00119474	0.00114933	0.00108061	0.00121574	0.00122945	0.00165383	0.00135767	0.00245036	0.00213583	0.00211799	0.00146238	0.00205068	0.00586248	0.00377206	0.00356806	0.00398196	0.00553011	0.00640841	0.01125196	0.00967167	0.01059672	0.00517998	0.00767077	0.01149691	0.01434252	0.01813437	0.04029739	0.02386835	0.0093369	0.01428436	0.0555693	0.04935537
corridor		0.00345275	0.00871112	0.00333099	0.00258448	0.00207842	0.00237248	0.00284826	0.00341972	0.00342428	0.00162933	0.0041951	0.00313419	0.00306806	0.00127746	0.00188305	0.0034948	0.00293586	0.0027761	0.00281269	0.00174355	0.00442781	0.00390393	0.00250661	0.00308838	0.00791414	0.00579086	0.00973914	0.00709746	0.00921527	0.01508182	0.01297325	0.01310706	0.00576067	0.00845113	0.00493434	0.00280833	0.00174205	0.00143464	0.0025577	0.00279364
fountain		2.4964E-4	2.9586E-4	1.855E-4	4.1493E-4	0.00123075	7.5555E-4	2.8908E-4	3.4661E-4	3.7735E-4	3.9118E-4	3.4748E-4	2.0094E-4	6.2536E-4	6.1411E-4	8.0189E-4	0.00161143	0.00132588	0.0012083	0.00121923	5.9102E-4	0.00119277	0.00185763	0.00123612	0.00212888	0.00216095	6.8796E-4	0.00240291	0.00410196	0.00267913	0.00322496	0.00165967	0.00131636	0.00124367	0.00140945	0.00278517	0.00452929	0.00803543	0.01101353	0.0024302	0.00431409
raft		1.5807E-4	1.2466E-4	8.168E-5	1.5245E-4	1.3168E-4	5.86E-5	3.904E-5	2.639E-5	2.072E-5	2.553E-5	2.638E-5	2.12E-5	2.698E-5	4.45E-5	3.875E-5	4.355E-5	3.706E-5	1.56E-5	1.966E-5	3.923E-5	4.109E-5	3.456E-5	1.173E-5	2.748E-5	2.877E-5	3.081E-5	3.183E-5	1.928E-5	2.548E-5	3.357E-5	5.323E-5	2.212E-5	3.757E-5	5.001E-5	6.885E-5	4.357E-5	1.611E-5	3.224E-5	5.905E-5	6.626E-5
motel		0.02490876	0.02318755	0.03851794	0.03155615	0.00343713	0.00166477	0.00195427	0.0019507	0.00148446	0.00114339	0.00157372	0.00134634	8.138E-4	0.00138281	0.00223964	0.00202819	0.00202745	0.00329239	0.00251215	0.00281978	0.00303459	0.00192115	0.00210677	0.00380802	0.00434017	0.00288927	0.00546993	0.00487367	0.00448322	0.00170041	0.00454688	0.00151696	0.00117879	0.00109238	0.00105407	0.00135428	0.00208939	0.00130097	0.00143213	0.0029972
forest_path		0.05273196	0.0567366	0.07022465	0.06806629	0.06949176	0.05966945	0.07239416	0.06214011	0.06816073	0.07534392	0.04455166	0.08441126	0.04969701	0.04550331	0.14125776	0.08422798	0.0660993	0.06413791	0.0405093	0.07008196	0.06647032	0.08729274	0.06679057	0.07446253	0.07950908	0.09324331	0.05029544	0.08404657	0.0842155	0.07798339	0.06719458	0.05149896	0.12268864	0.0683706	0.03908254	0.04704709	0.02985801	0.06482716	0.02356875	0.00898141
living_room		1.5463E-4	1.6079E-4	1.0589E-4	3.7673E-4	2.6006E-4	8.412E-5	4.523E-5	1.752E-5	1.865E-5	5.312E-5	2.348E-5	2.363E-5	2.908E-5	2.356E-5	3.831E-5	4.079E-5	3.577E-5	2.795E-5	2.003E-5	1.949E-5	2.145E-5	4.044E-5	2.646E-5	2.194E-5	2.551E-5	8.637E-5	8.01E-5	7.003E-5	5.586E-5	4.283E-5	2.83E-5	3.042E-5	6.579E-5	3.854E-5	4.317E-5	5.883E-5	2.1467E-4	5.151E-4	1.0931E-4	8.603E-5
locker_room		8.529E-5	7.259E-5	3.727E-5	2.612E-5	1.739E-5	7.25E-6	1.069E-5	6.56E-6	1.013E-5	1.295E-5	1.268E-5	1.769E-5	2.236E-5	1.616E-5	1.421E-5	1.24E-5	2.118E-5	1.696E-5	1.516E-5	1.179E-5	2.086E-5	1.89E-5	2.319E-5	2.084E-5	2.388E-5	4.447E-5	4.975E-5	7.66E-5	7.446E-5	4.076E-5	6.111E-5	5.668E-5	5.469E-5	2.239E-5	2.825E-5	1.885E-5	5.815E-5	6.753E-5	4.831E-5	6.454E-5
restaurant_kitchen		4.481E-5	2.106E-5	1.138E-5	1.548E-5	1.537E-5	7.58E-6	2.6E-6	2.73E-6	3.3E-6	6.22E-6	1.93E-6	2.77E-6	2.67E-6	4.9E-6	7.26E-6	4.05E-6	6.3E-6	3.35E-6	3.34E-6	3.81E-6	4.06E-6	6.99E-6	3.68E-6	5.01E-6	1.52E-5	1.34E-5	2.174E-5	2.865E-5	1.958E-5	1.269E-5	1.325E-5	1.17E-5	8.5E-6	7.72E-6	5.88E-6	6.99E-6	2.64E-5	3.035E-5	4.1E-5	4.511E-5
sky		0.00102012	0.00134704	0.00105201	0.00100682	0.00110239	0.00110883	0.00132956	0.00131526	0.00137713	0.0016387	0.00153776	0.00132048	0.00154738	0.00187621	0.0013898	0.00184999	0.00159229	0.00234042	0.00254358	0.00272459	0.00313056	0.0035665	0.00396105	0.00437489	0.00490829	0.0042595	0.00487456	0.00192095	0.00328321	0.00693623	0.00655038	0.00780863	0.00606803	0.00697858	0.00674731	0.00833896	0.00312995	0.00582718	0.00157014	0.00215163
boat_deck		4.343E-5	4.127E-5	2.115E-5	4.444E-5	3.601E-5	1.912E-5	1.548E-5	6.98E-6	1.124E-5	1.322E-5	1.696E-5	9.7E-6	1.443E-5	2.059E-5	1.141E-5	1.569E-5	1.245E-5	9.85E-6	1.039E-5	1.44E-5	1.793E-5	2.876E-5	9.79E-6	1.691E-5	1.706E-5	2.799E-5	6.298E-5	6.719E-5	5.456E-5	1.477E-5	4.62E-5	4.199E-5	4.591E-5	2.711E-5	2.463E-5	2.236E-5	1.1048E-4	1.1203E-4	1.5342E-4	8.915E-5
hotel_outdoor		0.00148054	0.00129063	9.2534E-4	0.00102478	5.1419E-4	2.2963E-4	1.9166E-4	2.1062E-4	1.8994E-4	9.887E-5	1.5472E-4	1.8328E-4	1.3859E-4	2.9768E-4	4.8666E-4	6.4083E-4	5.6009E-4	4.3867E-4	2.6552E-4	2.8664E-4	3.7905E-4	2.4199E-4	3.9274E-4	4.6688E-4	2.6106E-4	3.7076E-4	3.7544E-4	5.3069E-4	4.5729E-4	3.482E-4	2.747E-4	2.6856E-4	4.1797E-4	4.6377E-4	5.4924E-4	4.0521E-4	6.5591E-4	5.4597E-4	5.6894E-4	7.4903E-4
chalet		0.0253899	0.03921479	0.01371509	0.02563975	0.0062512	0.00353469	0.01119618	0.02111479	0.00366333	0.00403136	0.00361608	0.00699043	0.0039146	0.0068456	0.00985665	0.01221185	0.01951584	0.01017739	0.00330895	0.00623121	0.01128845	0.00964873	0.01363645	0.01083857	0.0102285	0.01235948	0.02660588	0.01476899	0.01459572	0.01306459	0.0232274	0.01793928	0.01466895	0.01611656	0.01803385	0.052837	0.08452489	0.04400985	0.04363675	0.04158282
butte		0.01546274	0.00755452	0.00943081	0.00574303	0.00729044	0.00839024	0.00490507	0.00223878	0.00532799	0.00445508	0.00454346	0.00360589	0.00160154	0.00261888	0.00401074	0.00121024	0.00575349	0.00383544	0.01363632	0.00831324	0.00416653	0.00514777	0.01100698	0.0085161	0.00514666	0.01300758	0.0033415	0.00673041	0.00351422	0.00240897	0.00193659	0.00154856	0.0019964	0.00384826	0.00901077	0.01557538	0.0110171	0.00767274	0.00520724	0.00436164
classroom		1.0411E-4	1.5671E-4	2.0816E-4	2.7616E-4	9.842E-5	8.042E-5	1.825E-5	2.416E-5	3.488E-5	7.429E-5	2.339E-5	2.824E-5	2.746E-5	3.019E-5	5.035E-5	3.188E-5	4.849E-5	2.752E-5	4.178E-5	4.556E-5	5.893E-5	7.038E-5	3.517E-5	2.831E-5	4.724E-5	9.444E-5	7.968E-5	1.0354E-4	1.0933E-4	5.112E-5	4.267E-5	4.218E-5	1.972E-5	3.172E-5	3.38E-5	3.401E-5	1.6362E-4	2.9354E-4	9.786E-5	1.1949E-4
jail_cell		0.04167332	0.0194003	0.01417795	0.00352407	0.00345285	0.0028384	0.00216293	0.00394958	0.00528364	0.00606786	0.00457217	0.01079865	0.0132115	0.00651385	0.00395169	0.00317793	0.00174332	0.00188938	0.00192463	0.00189135	0.00462402	0.00730104	0.00239475	0.00222324	0.00507881	0.005959	0.00500073	0.00660887	0.00483828	0.00240035	0.00268718	0.00262039	0.00261163	0.00190818	0.00303995	0.0030301	0.00360418	0.00544793	0.00872468	0.00736909
medina		0.00617066	0.00750326	0.00688453	0.01430002	0.00893537	0.01157458	0.00862609	0.00777181	0.01256298	0.01280837	0.00822248	0.00612836	0.00515751	0.00257438	0.00664293	0.00885281	0.00499239	0.00428805	0.00396435	0.0062979	0.00901325	0.00527543	0.0036984	0.00359728	0.00862901	0.00591469	0.00397499	0.00576136	0.0069021	0.00367133	0.00649593	0.0081612	0.01500549	0.00985085	0.01591906	0.01337066	0.00727557	0.00590579	0.00611761	0.00583295
food_court		7.678E-5	5.751E-5	1.473E-5	2.051E-5	7.11E-6	5.4E-6	4.25E-6	3.54E-6	4.13E-6	3.98E-6	5.56E-6	4.42E-6	5.59E-6	1.064E-5	6.63E-6	7.74E-6	8.4E-6	5.31E-6	3.47E-6	3.32E-6	5.81E-6	6.49E-6	7.22E-6	5.86E-6	6.53E-6	7.94E-6	1.397E-5	1.294E-5	1.218E-5	1.489E-5	1.165E-5	1.67E-5	1.733E-5	1.749E-5	3.177E-5	2.199E-5	4.356E-5	2.582E-5	6.594E-5	9.513E-5
kasbah		0.01470282	0.01949888	0.01883641	0.02227568	0.02084207	0.02556666	0.02433359	0.03323516	0.02983079	0.01904229	0.01280532	0.02196618	0.01042172	0.01190308	0.01696258	0.03513161	0.02539587	0.01824399	0.03139728	0.05230373	0.04677105	0.02564692	0.02275102	0.01447116	0.02328796	0.02454784	0.00707531	0.01286849	0.00980142	0.00550445	0.00873389	0.0109694	0.03220785	0.04374871	0.08769105	0.08980558	0.03862501	0.04003565	0.02654192	0.02299527
badlands		0.00242951	0.00147397	0.00115163	0.00123486	0.00120237	0.00167401	0.00114788	9.8432E-4	0.00103727	0.00157522	0.00157927	0.0010951	4.9412E-4	6.158E-4	0.0012631	5.7193E-4	0.00192808	0.00153866	0.00554108	0.0032682	0.00182859	0.00190859	0.0036961	0.00250897	0.00258785	0.00347369	0.00140635	0.00206552	7.7029E-4	9.4738E-4	7.5254E-4	8.6886E-4	6.7474E-4	0.00161923	0.00220469	0.00424745	0.00285113	0.00428544	0.00205293	0.00106093
coast		1.7381E-4	1.7563E-4	1.4895E-4	2.6179E-4	1.9162E-4	2.3947E-4	1.5779E-4	1.2855E-4	1.1433E-4	1.2016E-4	1.5238E-4	8.875E-5	1.3203E-4	1.0793E-4	1.1366E-4	4.9343E-4	1.6302E-4	2.8739E-4	2.403E-4	1.4074E-4	2.2952E-4	5.3041E-4	2.381E-4	2.3195E-4	5.4146E-4	5.3832E-4	2.8122E-4	1.075E-4	3.85E-4	1.6988E-4	4.0522E-4	1.5873E-4	1.9325E-4	2.0274E-4	2.1006E-4	3.5219E-4	1.8558E-4	2.443E-4	8.885E-4	4.5872E-4
nursery		1.626E-5	2.348E-5	3.621E-5	1.1631E-4	5.384E-5	2.88E-5	2.412E-5	1.325E-5	1.409E-5	1.56E-5	1.451E-5	1.222E-5	1.625E-5	1.994E-5	1.94E-5	2.61E-5	2.954E-5	2.519E-5	1.362E-5	8.56E-6	2.142E-5	2.713E-5	4.16E-5	2.965E-5	3.05E-5	3.277E-5	3.339E-5	7.847E-5	2.685E-5	3.668E-5	3.72E-5	4.758E-5	6.289E-5	4.51E-5	6.968E-5	4.323E-5	3.2095E-4	4.1709E-4	1.9045E-4	1.5974E-4
parking_lot		0.00161686	0.00111822	5.0597E-4	0.0010735	4.3497E-4	4.0543E-4	5.9212E-4	3.6504E-4	9.6824E-4	7.9855E-4	8.1577E-4	6.7034E-4	5.4537E-4	7.6145E-4	5.3945E-4	9.3867E-4	3.3106E-4	2.8451E-4	5.3589E-4	4.2895E-4	4.049E-4	4.2025E-4	1.8798E-4	7.4831E-4	3.4134E-4	1.8727E-4	3.5595E-4	2.71E-4	1.8734E-4	1.7491E-4	3.0145E-4	2.1779E-4	1.603E-4	2.5782E-4	7.3792E-4	3.3507E-4	4.0364E-4	3.5514E-4	4.1596E-4	2.4014E-4
bowling_alley		1.2145E-4	1.3645E-4	8.876E-5	7.597E-5	1.781E-5	1.789E-5	5.92E-6	6.51E-6	6.71E-6	1.121E-5	4.05E-6	5.56E-6	6.54E-6	8.18E-6	1.717E-5	1.121E-5	1.472E-5	7.11E-6	9.1E-6	9.8E-6	8.02E-6	8.13E-6	1.159E-5	8.43E-6	1.055E-5	1.898E-5	2.191E-5	2.441E-5	2.876E-5	1.588E-5	1.248E-5	9.23E-6	1.22E-5	1.061E-5	1.362E-5	1.898E-5	9.646E-5	1.0133E-4	9.349E-5	5.347E-5
galley		1.902E-5	9.44E-6	7.32E-6	1.438E-5	7.22E-6	5.44E-6	1.48E-6	1.35E-6	2.2E-6	4.12E-6	1.15E-6	1.23E-6	1.54E-6	3.05E-6	5.14E-6	2.5E-6	5.01E-6	3.06E-6	3.13E-6	4.02E-6	3.33E-6	6.33E-6	2.09E-6	3.02E-6	4.42E-6	1.195E-5	9.25E-6	1.405E-5	8.25E-6	5.04E-6	5.31E-6	3.26E-6	3.21E-6	3.87E-6	4.37E-6	6.06E-6	1.741E-5	2.785E-5	1.878E-5	1.486E-5
conference_center		1.177E-5	1.986E-5	7.45E-6	1.145E-5	5.92E-6	6.05E-6	5.72E-6	5.27E-6	6.93E-6	7.48E-6	5.43E-6	2.77E-6	6.03E-6	1.736E-5	1.008E-5	7.78E-6	7.16E-6	7.03E-6	9.15E-6	5.31E-6	6.03E-6	5.3E-6	7.57E-6	7.84E-6	6.38E-6	1.931E-5	1.78E-5	2.328E-5	2.324E-5	1.295E-5	9.54E-6	2.16E-5	3.048E-5	8.93E-6	1.941E-5	1.498E-5	7.877E-5	9.716E-5	1.6259E-4	5.2661E-4
islet		1.085E-4	1.2107E-4	1.225E-4	1.8941E-4	2.0592E-4	1.6961E-4	6.99E-5	6.846E-5	5.246E-5	6.894E-5	6.256E-5	3.696E-5	6.658E-5	6.775E-5	6.047E-5	2.9667E-4	1.0395E-4	2.137E-4	1.4647E-4	7.366E-5	9.509E-5	2.5154E-4	8.707E-5	1.1291E-4	1.6128E-4	2.4354E-4	1.2223E-4	5.938E-5	1.6483E-4	1.1309E-4	2.4874E-4	9.787E-5	1.6472E-4	1.8462E-4	1.9694E-4	2.321E-4	1.1573E-4	7.999E-5	2.21E-4	2.184E-4
supermarket		2.5915E-4	1.883E-4	2.982E-5	2.838E-5	2.127E-5	7.73E-6	6.63E-6	4.5E-6	4.24E-6	6.26E-6	4.16E-6	5.45E-6	8.85E-6	1.19E-5	7.35E-6	1.172E-5	1.117E-5	7.28E-6	4.71E-6	5.47E-6	8.25E-6	7.79E-6	9.19E-6	9.59E-6	1.173E-5	1.524E-5	1.234E-5	3.241E-5	1.471E-5	9.14E-6	1.297E-5	6.93E-6	6.47E-6	8.25E-6	1.413E-5	7.95E-6	2.039E-5	1.42E-5	2.86E-5	2.818E-5
abbey		0.11233658	0.10012008	0.09411051	0.07260988	0.07256945	0.06310129	0.06826497	0.08870472	0.06237659	0.05219211	0.07166995	0.08572178	0.07813596	0.07324339	0.07615602	0.09452208	0.0656662	0.08941134	0.13009283	0.10120626	0.11580268	0.11034892	0.05579195	0.10377128	0.11307644	0.07509492	0.05056411	0.05912201	0.05202747	0.05500877	0.04249443	0.04619286	0.07101278	0.10428199	0.07410111	0.10412668	0.15276474	0.12902576	0.11430621	0.11909559
monastery_outdoor		0.00289439	0.00428469	0.00358884	0.00767895	0.00551676	0.00267329	0.00286187	0.00291473	0.00304576	0.0015873	0.00309424	0.00170554	0.00197527	0.00296779	0.00422998	0.00479566	0.00532989	0.00470883	0.00621165	0.00461555	0.00325211	0.00281604	0.0048976	0.00290212	0.00213849	0.00193648	0.00634525	0.00282874	0.00255199	0.00229162	0.00161717	0.00229658	0.00289697	0.00327731	0.00312675	0.00407942	0.00329019	0.00403404	0.00327856	0.00386262
patio		6.6412E-4	0.00107567	0.00122295	0.00354095	0.00213644	6.6791E-4	0.00168116	7.5391E-4	0.00118362	0.00136222	0.00239991	0.00180737	0.00188544	0.00281513	0.00242877	0.00170676	0.00175962	6.5264E-4	5.5108E-4	4.467E-4	7.6568E-4	0.00127552	9.458E-4	8.2409E-4	0.00108541	0.00212322	0.00455218	0.00273831	0.00135789	0.00363435	0.00325208	0.00321004	0.00178713	0.00126169	0.00145186	0.00114102	0.00267846	0.00184451	0.00211969	0.00156485
crosswalk		0.00111127	6.162E-4	4.9718E-4	4.5082E-4	2.0274E-4	9.683E-5	6.039E-5	4.057E-5	1.0337E-4	1.3634E-4	7.644E-5	4.395E-5	1.023E-4	1.1539E-4	1.0873E-4	8.192E-5	7.009E-5	5.254E-5	4.424E-5	4.741E-5	6.347E-5	7.124E-5	8.122E-5	1.0594E-4	1.4721E-4	4.738E-5	1.0963E-4	1.6688E-4	1.0403E-4	1.1549E-4	1.4828E-4	1.2793E-4	9.678E-5	9.509E-5	1.6088E-4	8.603E-5	4.4888E-4	6.8357E-4	4.1321E-4	1.5418E-4
creek		0.00688776	0.00342252	0.0040423	0.00549253	0.00699721	0.00217746	0.00133476	0.00171351	7.7129E-4	0.00150749	9.845E-4	8.0265E-4	9.253E-4	6.3246E-4	0.00168646	0.00457727	0.00312491	0.00181404	0.00198195	0.0029638	0.00366417	0.00514605	0.00138209	0.00201256	0.00331693	0.00239487	0.00126228	0.00159505	0.00222494	0.00199109	0.00542956	0.00112979	0.00292903	0.00413006	0.00234226	0.00239736	0.00102813	0.00251014	0.0026215	0.0018755
waiting_room		5.124E-5	6.29E-5	8.628E-5	1.2681E-4	3.275E-5	1.432E-5	2.651E-5	1.039E-5	1.142E-5	1.062E-5	1.258E-5	1.021E-5	1.771E-5	2.309E-5	3.156E-5	3.592E-5	2.886E-5	1.85E-5	1.562E-5	8.65E-6	2.397E-5	3.784E-5	2.513E-5	2.439E-5	2.09E-5	3.807E-5	6.458E-5	3.863E-5	2.406E-5	3.947E-5	4.197E-5	4.014E-5	5.193E-5	3.044E-5	2.848E-5	5.55E-5	3.2048E-4	4.5043E-4	1.3911E-4	1.0992E-4
basilica		0.00122384	0.00188662	0.00115696	0.00370794	0.00456796	0.00433754	0.00534761	0.00501618	0.00585299	0.00188943	0.00280085	0.0033834	0.00532496	0.0085746	0.00734606	0.00834839	0.00727129	0.00626883	0.00780512	0.00732364	0.00466114	0.00424559	0.00527612	0.00459106	0.00483914	0.00475325	0.0057432	0.00656895	0.00459168	0.00675731	0.00540493	0.00607984	0.00825519	0.00675073	0.00742678	0.00717697	0.00407705	0.00567719	0.00517056	0.00500342
pantry		1.6838E-4	7.175E-5	7.852E-5	7.643E-5	3.632E-5	2.222E-5	5.1E-6	8.74E-6	1.151E-5	1.799E-5	5.9E-6	5.89E-6	8.91E-6	8.39E-6	1.552E-5	1.198E-5	1.716E-5	1.142E-5	9.52E-6	1.145E-5	1.074E-5	2.011E-5	9.37E-6	1.003E-5	1.439E-5	2.372E-5	1.626E-5	2.26E-5	1.636E-5	1.14E-5	1.309E-5	7.6E-6	7.07E-6	8.97E-6	9.22E-6	8.03E-6	1.555E-5	2.755E-5	2.214E-5	2.228E-5
cockpit		1.0838E-4	1.193E-4	3.444E-5	3.488E-5	3.12E-5	2.961E-5	1.098E-5	1.267E-5	2.061E-5	5.832E-5	1.4E-5	1.415E-5	1.735E-5	1.831E-5	3.529E-5	1.382E-5	3.666E-5	1.818E-5	1.868E-5	1.693E-5	2.486E-5	3.801E-5	1.511E-5	2.688E-5	3.571E-5	8.127E-5	8.549E-5	1.3732E-4	8.121E-5	5.589E-5	4.447E-5	9.055E-5	1.7339E-4	1.2894E-4	1.9441E-4	2.6387E-4	0.00104056	5.9258E-4	0.00121856	4.7323E-4
martial_arts_gym		7.944E-5	7.506E-5	5.364E-5	6.732E-5	7.742E-5	7.967E-5	8.133E-5	6.9E-5	8.324E-5	9.509E-5	9.257E-5	6.761E-5	7.776E-5	1.2829E-4	4.74E-5	5.409E-5	4.721E-5	4.493E-5	3.964E-5	4.808E-5	7.344E-5	5.66E-5	6.038E-5	7.298E-5	6.066E-5	8.836E-5	8.644E-5	1.3561E-4	7.795E-5	1.0997E-4	1.4492E-4	1.2868E-4	1.7282E-4	1.0231E-4	1.6302E-4	1.1736E-4	3.2864E-4	4.1879E-4	6.0525E-4	3.4879E-4
vegetable_garden		0.00459864	0.00580431	0.00440865	0.00581905	0.00540624	0.00638042	0.00657067	0.00747363	0.00522586	0.00509076	0.00778318	0.00544001	0.00484029	0.00543783	0.00697064	0.00714279	0.00798836	0.00590884	0.0059309	0.00297594	0.00505947	0.00395302	0.00353489	0.00545296	0.00280796	0.0025513	0.00290591	0.00164903	0.00177324	0.00120756	0.0017514	0.00184506	0.00178441	0.0020214	0.00258782	0.0013065	0.00147175	9.3931E-4	0.00185841	0.00297352
residential_neighborhood		0.00729374	0.00529156	0.00417285	0.00440527	0.00421459	0.00250592	0.00233452	0.00250333	0.0052702	0.00558338	0.00617937	0.00744597	0.00611843	0.00707436	0.00461954	0.00206297	0.0040914	0.00277457	0.0023875	0.00226026	0.00336104	0.00148787	0.00220096	0.00273064	0.00193258	0.00306858	0.00429921	0.00412715	0.00336169	0.00195134	0.00598589	0.00230445	0.00197835	0.00194443	0.00129413	0.00161686	0.001192	0.00138185	0.00153987	0.0022617
veranda		0.00256734	0.00428234	0.00101982	0.00158152	7.1721E-4	4.0635E-4	5.5673E-4	3.8645E-4	2.6698E-4	2.49E-4	3.7614E-4	4.0172E-4	3.0893E-4	3.6031E-4	2.501E-4	2.9793E-4	5.2116E-4	2.114E-4	2.1397E-4	1.6433E-4	2.9362E-4	5.0042E-4	4.2198E-4	3.975E-4	5.321E-4	7.5612E-4	0.00217375	0.00121582	6.5168E-4	0.00177596	0.00127588	0.00106861	4.3515E-4	5.789E-4	4.1735E-4	0.00112149	0.00293956	0.00244297	0.00132886	0.00216464
subway_station_platform		6.6711E-4	3.7394E-4	1.4678E-4	9.513E-5	4.746E-5	2.263E-5	2.102E-5	2.057E-5	1.794E-5	2.025E-5	3.333E-5	1.757E-5	4.655E-5	3.787E-5	2.679E-5	2.099E-5	2.537E-5	2.341E-5	1.489E-5	1.552E-5	3.375E-5	2.868E-5	4.444E-5	4.021E-5	5.12E-5	4.783E-5	8.965E-5	1.5907E-4	7.349E-5	4.824E-5	1.1796E-4	8.029E-5	6.747E-5	4.733E-5	5.276E-5	1.0826E-4	7.2924E-4	5.4005E-4	6.806E-4	4.225E-4
snowfield		2.2072E-4	1.7953E-4	1.6622E-4	2.5323E-4	2.1481E-4	2.1617E-4	2.0288E-4	1.9657E-4	1.4915E-4	2.1624E-4	1.2103E-4	1.2739E-4	1.1236E-4	1.2212E-4	1.0039E-4	3.4205E-4	1.1245E-4	1.5098E-4	1.0764E-4	7.877E-5	1.1277E-4	1.6801E-4	8.99E-5	1.5277E-4	1.6122E-4	3.2008E-4	1.4914E-4	1.0972E-4	2.6518E-4	3.4691E-4	2.5645E-4	1.7061E-4	3.4478E-4	3.6355E-4	8.905E-4	2.9006E-4	1.6361E-4	5.0166E-4	2.2117E-4	1.9654E-4
restaurant		2.8501E-4	2.1712E-4	1.1169E-4	1.6325E-4	3.719E-5	1.847E-5	1.389E-5	7.9E-6	1.189E-5	4.256E-5	1.077E-5	1.263E-5	1.612E-5	2.73E-5	2.636E-5	3.61E-5	2.836E-5	1.586E-5	1.355E-5	1.388E-5	2.594E-5	3.384E-5	2.419E-5	2.232E-5	3.072E-5	4.181E-5	3.829E-5	9.534E-5	9.305E-5	3.408E-5	5.794E-5	6.43E-5	7.188E-5	5.388E-5	6.257E-5	5.113E-5	2.075E-4	1.5664E-4	2.1328E-4	2.3686E-4
fire_escape		0.007699	0.00412498	0.06514204	0.01861553	0.0288623	0.00973299	0.00517289	0.01728771	0.0088665	0.00294407	0.00749425	0.00894358	0.01642512	0.00814164	0.00651082	0.00992473	0.01173411	0.00742921	0.00777445	0.0102795	0.01316161	0.01065827	0.01578099	0.01054459	0.02241567	0.0269156	0.01455405	0.03749395	0.00787393	0.00690985	0.02332756	0.02498341	0.01287834	0.0120439	0.00848113	0.0072331	0.0083508	0.01060582	0.00944008	0.01203793
driveway		0.01859136	0.03787515	0.04079258	0.04284582	0.03985968	0.02205016	0.03380192	0.02779228	0.0474473	0.06451744	0.07625607	0.04259479	0.05856536	0.04645553	0.03314582	0.00926457	0.01630943	0.0088356	0.01110352	0.00588874	0.0064576	0.00812363	0.00715146	0.01413104	0.0124987	0.00359139	0.01318356	0.01569363	0.01006567	0.01325099	0.00747739	0.00365792	0.00401153	0.00295569	0.00352196	0.00264836	0.00220222	0.00285262	0.00346983	0.00307808
phone_booth		0.2699233	0.34549382	0.1885475	0.02605184	0.00346193	6.5774E-4	4.4031E-4	5.6427E-4	5.0736E-4	0.00125584	9.6275E-4	0.00139399	8.3468E-4	0.00102595	7.7782E-4	8.5424E-4	9.0362E-4	7.365E-4	5.4058E-4	3.8478E-4	5.3889E-4	5.7227E-4	8.2222E-4	0.00120921	0.0015604	0.00157858	0.00142292	0.00258364	0.00160903	0.00136332	0.00145935	0.00106235	0.00155522	0.00123946	9.9665E-4	0.00204757	0.00784328	0.00925977	0.00305432	0.00204572
banquet_hall		1.485E-5	1.27E-5	1.064E-5	1.048E-5	9.28E-6	9.97E-6	1.181E-5	7.45E-6	1.535E-5	1.224E-5	1.642E-5	1.145E-5	2.08E-5	4.269E-5	3.385E-5	4.409E-5	3.533E-5	2.464E-5	2.278E-5	1.098E-5	1.846E-5	2.953E-5	3.017E-5	3.039E-5	2.573E-5	4.22E-5	5.241E-5	3.427E-5	2.336E-5	3.288E-5	2.697E-5	4.708E-5	6.111E-5	3.099E-5	3.611E-5	2.436E-5	5.914E-5	7.96E-5	9.944E-5	3.115E-4
shed		0.06575871	0.0832488	0.0399654	0.10915856	0.05715841	0.0231795	0.08731887	0.05874746	0.02141485	0.03006138	0.01699794	0.02573062	0.02724172	0.01714042	0.01571042	0.01528625	0.02186421	0.01628558	0.01136354	0.01306656	0.03408503	0.03195025	0.0264967	0.02690181	0.09770813	0.04825309	0.15455858	0.03616874	0.05735564	0.03888359	0.2647259	0.3779636	0.26875976	0.26396814	0.23309964	0.21748194	0.30703452	0.22267814	0.18710837	0.12417455
formal_garden		0.02275202	0.03106048	0.03786764	0.02841281	0.03400501	0.02767329	0.03570347	0.03795975	0.08452249	0.07253244	0.05135085	0.03040761	0.07208672	0.07999822	0.02578745	0.02323281	0.02140599	0.03049677	0.02729947	0.0112488	0.01893197	0.01479045	0.02689405	0.0352778	0.02144845	0.01060009	0.01377351	0.01327968	0.00913601	0.01452675	0.01245361	0.01290204	0.00703602	0.01443707	0.01561653	0.01033011	0.00778127	0.00559364	0.0111572	0.02094491
conference_room		3.69E-6	3.79E-6	2.57E-6	2.86E-6	1.63E-6	2.12E-6	2.54E-6	1.67E-6	1.95E-6	1.9E-6	3.15E-6	1.2E-6	2.29E-6	6.06E-6	3.99E-6	2.71E-6	2.91E-6	2.12E-6	1.88E-6	1.39E-6	1.77E-6	2.16E-6	2.44E-6	3.12E-6	2.33E-6	6.47E-6	6.6E-6	8.48E-6	6.98E-6	3.98E-6	4.58E-6	6.45E-6	1.002E-5	4.9E-6	8.01E-6	7.4E-6	1.556E-5	2.827E-5	3.206E-5	1.1573E-4
apartment_building_outdoor		0.00380552	0.00260819	0.00293039	0.00288212	0.00406284	0.00100011	0.0011997	0.00114135	0.00110828	0.00119575	0.00163996	9.9288E-4	0.00123398	0.00131111	0.00134376	0.00175068	0.00195121	0.00254702	0.00165674	0.00198495	0.00312763	0.0016452	0.00282513	0.00230168	0.00161247	0.00325073	0.00179752	0.00315283	0.00247994	0.00132334	0.00221202	0.00109127	0.00118366	0.00134127	0.00132955	0.00107769	0.00156826	0.00142742	0.00132639	0.00190794
harbor		6.792E-5	5.262E-5	2.375E-5	4.227E-5	4.191E-5	2.042E-5	1.637E-5	1.72E-5	1.583E-5	1.124E-5	1.561E-5	9.21E-6	1.744E-5	2.422E-5	1.186E-5	4.245E-5	2.542E-5	2.951E-5	3.476E-5	2.46E-5	4.125E-5	8.656E-5	2.634E-5	3.985E-5	5.457E-5	3.885E-5	1.1964E-4	1.3687E-4	5.296E-5	2.478E-5	5.676E-5	3.35E-5	6.096E-5	4.517E-5	3.787E-5	3.609E-5	2.464E-5	3.987E-5	2.3533E-4	2.7905E-4
herb_garden		0.00172708	0.00231282	0.00259359	0.00228333	0.0022699	0.00227605	0.0022973	0.00245949	0.00249565	0.00235233	0.00317388	0.00247971	0.002445	0.00279046	0.00234191	0.00238853	0.00241463	0.00208255	0.00202918	0.0010939	0.00174877	0.0017962	0.00204241	0.00280782	0.00153603	0.00181335	0.00204361	0.00133754	0.00136073	0.00135697	0.00131278	0.00133454	0.00129153	0.00186631	0.00204717	0.00105304	0.00143691	0.00110705	0.00150809	0.00282431
office		6.381E-5	4.047E-5	2.11E-5	5.789E-5	2.174E-5	6.68E-6	5.39E-6	2.79E-6	3.46E-6	8.1E-6	2.98E-6	5.34E-6	4.85E-6	9.31E-6	9.06E-6	7.04E-6	1.015E-5	5.55E-6	4.13E-6	3.94E-6	5.25E-6	7.44E-6	6.6E-6	6.53E-6	8.13E-6	2.199E-5	1.873E-5	2.531E-5	2.272E-5	1.064E-5	9.95E-6	1.141E-5	1.747E-5	1.076E-5	1.238E-5	1.968E-5	9.192E-5	1.2355E-4	5.173E-5	4.731E-5
field_wild		0.07135984	0.06733011	0.05397825	0.07562385	0.08395282	0.05036695	0.09556736	0.08246053	0.06601556	0.11051627	0.04556504	0.10008854	0.05968927	0.11444092	0.08500329	0.06467934	0.05574866	0.0516987	0.06578348	0.0895362	0.05547719	0.06297929	0.05975805	0.0590768	0.06470604	0.10379905	0.05632959	0.03512542	0.0497167	0.05672691	0.04356745	0.04803789	0.07502075	0.05046716	0.06786691	0.06042139	0.07290829	0.0906648	0.04218066	0.01632117
ski_resort		2.8088E-4	4.5985E-4	2.9384E-4	1.4991E-4	1.4807E-4	7.767E-5	3.916E-5	9.912E-5	5.545E-5	6.867E-5	2.731E-5	2.764E-5	3.187E-5	3.084E-5	8.889E-5	7.239E-5	1.6743E-4	7.326E-5	7.292E-5	6.23E-5	7.157E-5	7.54E-5	7.321E-5	5.606E-5	4.597E-5	8.295E-5	9.501E-5	1.5764E-4	1.2899E-4	1.6049E-4	5.772E-5	5.603E-5	8.181E-5	6.823E-5	1.5447E-4	1.3551E-4	2.4986E-4	4.6334E-4	1.8861E-4	1.7417E-4
plaza		0.00111905	0.0014457	7.4654E-4	0.00161639	0.00169066	8.0466E-4	7.062E-4	4.9202E-4	7.4036E-4	6.1214E-4	5.9321E-4	6.6872E-4	0.00163422	0.00396602	0.00230594	0.00331652	0.00182852	0.00125872	0.00141919	9.4786E-4	0.00102316	0.00145979	0.00139403	0.00112109	8.4363E-4	6.8325E-4	0.00194927	0.00139892	8.9623E-4	5.5569E-4	7.5982E-4	4.7507E-4	3.3978E-4	5.1158E-4	3.6033E-4	5.1561E-4	8.4657E-4	8.5054E-4	8.7991E-4	0.00247535
dam		0.00137674	0.00165786	0.00138884	4.321E-4	4.3815E-4	9.7241E-4	3.2876E-4	2.6815E-4	2.2168E-4	3.0551E-4	2.1503E-4	2.0275E-4	2.2506E-4	4.7303E-4	6.0186E-4	3.8121E-4	7.0944E-4	7.8024E-4	5.9676E-4	6.5037E-4	8.6963E-4	7.5102E-4	3.3197E-4	3.039E-4	6.0106E-4	0.00157814	0.00209918	0.00233079	0.00183136	5.5383E-4	6.9052E-4	0.00124185	0.00255422	0.00229339	0.00327448	0.00112753	0.00163356	0.00243376	0.00169638	0.00270663
museum_indoor		7.855E-4	0.00126854	5.7746E-4	4.7869E-4	4.4554E-4	1.7477E-4	9.333E-5	9.554E-5	1.1754E-4	2.607E-4	7.275E-5	1.1303E-4	1.2548E-4	1.0414E-4	2.0014E-4	4.6017E-4	3.3836E-4	2.4786E-4	1.8725E-4	1.0191E-4	2.0045E-4	4.7739E-4	5.1147E-4	3.8419E-4	3.3489E-4	3.3595E-4	7.2981E-4	4.6865E-4	3.191E-4	3.0957E-4	4.2051E-4	2.7336E-4	3.5075E-4	2.8148E-4	6.2469E-4	0.00133052	0.00573901	0.00611963	0.00217361	0.00206892
pavilion		7.4368E-4	0.00227918	0.00136573	0.00136563	8.085E-4	0.00127554	4.0132E-4	5.2239E-4	9.5081E-4	9.3907E-4	0.00124887	7.1774E-4	0.00175983	0.00146776	6.8996E-4	7.288E-4	0.00300572	0.00208902	0.0028974	0.00122877	0.00246419	0.00130833	0.00206818	0.00421414	0.00182882	0.002051	0.00490038	0.00906111	0.00504385	0.00547094	0.0039861	0.00767609	0.0038103	0.00639775	0.00176892	0.00331986	0.00537586	0.00937237	0.01590259	0.0441586
candy_store		7.5785E-4	5.9257E-4	1.6387E-4	1.2451E-4	7.214E-5	4.053E-5	2.102E-5	2.278E-5	1.661E-5	3.224E-5	1.852E-5	2.567E-5	2.143E-5	2.427E-5	3.378E-5	5.107E-5	3.335E-5	2.643E-5	1.499E-5	1.845E-5	2.031E-5	2.17E-5	2.272E-5	3.09E-5	4.261E-5	2.796E-5	3.622E-5	6.943E-5	4.513E-5	3.596E-5	4.558E-5	1.877E-5	1.654E-5	1.826E-5	3.199E-5	1.312E-5	3.464E-5	3.909E-5	4.877E-5	3.261E-5
alley		0.16941403	0.1959229	0.14156388	0.15952511	0.12753059	0.1471234	0.12028618	0.18601598	0.20005772	0.15441959	0.22990619	0.19619839	0.11266258	0.06783616	0.05522159	0.08663139	0.05977006	0.05949121	0.04640527	0.09681108	0.10145305	0.12728827	0.02592876	0.02507841	0.0860417	0.05410474	0.04830468	0.10295371	0.16641995	0.12487622	0.19292523	0.15999377	0.2047264	0.08448762	0.19479813	0.07758078	0.05512429	0.06276521	0.05831239	0.11100624
tower		0.00400607	0.01139748	0.0102778	0.01238882	0.01572355	0.02861777	0.02426551	0.03849285	0.02091815	0.00578173	0.00930901	0.0091183	0.01390339	0.0233862	0.03657256	0.05032912	0.03411359	0.03521273	0.03571824	0.03829612	0.02190952	0.0189688	0.02667741	0.02664154	0.01729108	0.0130872	0.01981226	0.01858042	0.01674397	0.0297316	0.02968645	0.04764455	0.04174057	0.03558095	0.04190092	0.03958784	0.02087126	0.02260345	0.02368752	0.02788919
rice_paddy		0.00228357	0.00193876	0.00311285	0.00533614	0.00468485	0.00324085	0.00179848	0.00110615	0.00126807	0.00182252	0.00200842	0.00175264	0.00321604	0.00270719	0.00316904	0.00231181	0.00156542	0.00215389	0.00237889	0.00200019	0.0013634	0.00210728	0.00172485	0.00287195	0.00324077	0.01388215	0.00341308	0.00173404	0.00391492	0.00439274	0.00375327	0.00817538	0.00999603	0.00639196	0.00890129	0.00991527	0.02534903	0.01748697	0.01735373	0.01728643
music_studio		4.087E-5	3.69E-5	4.448E-5	8.694E-5	7.183E-5	2.735E-5	1.025E-5	2.541E-5	1.763E-5	2.348E-5	1.03E-5	1.505E-5	1.395E-5	1.777E-5	1.921E-5	1.18E-5	1.955E-5	1.144E-5	1.082E-5	1.004E-5	1.729E-5	1.631E-5	1.976E-5	2.155E-5	4.335E-5	2.35E-5	2.79E-5	4.839E-5	5.239E-5	3.219E-5	3.344E-5	5.345E-5	8.659E-5	3.43E-5	8.599E-5	8.746E-5	4.5556E-4	2.9703E-4	2.107E-4	2.0609E-4
ice_cream_parlor		7.2963E-4	3.7994E-4	1.6393E-4	1.7298E-4	5.532E-5	1.973E-5	9.96E-6	9.75E-6	9.95E-6	1.516E-5	9.58E-6	7.55E-6	9.59E-6	1.326E-5	3.373E-5	2.042E-5	3.127E-5	1.825E-5	1.261E-5	1.238E-5	1.871E-5	1.929E-5	1.626E-5	1.959E-5	4.727E-5	2.394E-5	3.321E-5	5.435E-5	5.041E-5	3.615E-5	4.177E-5	2.483E-5	2.762E-5	3.145E-5	7.746E-5	5.13E-5	2.4764E-4	1.4324E-4	1.3954E-4	1.0514E-4
parlor		1.8165E-4	1.1026E-4	7.851E-5	2.2743E-4	1.2953E-4	3.727E-5	2.416E-5	1.005E-5	1.369E-5	3.46E-5	1.313E-5	1.758E-5	1.979E-5	1.761E-5	2.68E-5	3.098E-5	2.545E-5	2.042E-5	1.927E-5	1.1E-5	1.689E-5	3.329E-5	2.147E-5	2.205E-5	2.048E-5	4.59E-5	8.484E-5	4.666E-5	4.416E-5	5.181E-5	3.265E-5	3.549E-5	7.845E-5	4.635E-5	2.964E-5	5.992E-5	2.0127E-4	4.8854E-4	1.4287E-4	1.2396E-4
train_railway		0.00203282	0.00119851	4.1428E-4	3.8988E-4	2.0275E-4	1.2284E-4	2.4662E-4	1.8956E-4	2.6874E-4	2.2288E-4	2.3727E-4	1.7511E-4	3.1301E-4	1.6759E-4	1.5209E-4	3.7335E-4	5.9917E-4	9.0049E-4	3.57E-4	5.7697E-4	6.8326E-4	4.5004E-4	3.3121E-4	2.5468E-4	0.00108669	5.7078E-4	0.00150787	0.00206701	0.00150386	0.00103815	0.00174108	0.00185641	0.00137442	0.00141656	4.393E-4	5.3226E-4	0.00117692	9.8864E-4	0.00257156	0.00366742
windmill		7.5207E-4	7.2658E-4	4.7697E-4	0.00160943	0.00114724	0.00166418	8.4801E-4	0.00185468	0.00100877	0.00125437	4.6507E-4	4.4487E-4	8.5567E-4	8.5734E-4	0.00178904	0.00175434	0.00341916	0.00194102	0.00204754	0.00257506	0.00184486	0.00118999	0.00226295	0.00340601	0.00427012	0.00312738	0.00948396	0.00741885	0.0033444	0.0034737	0.02660147	0.01164463	0.02262347	0.00392767	0.00317445	0.0025366	0.00230431	0.00488586	0.0034765	0.00252303
hot_spring		3.0619E-4	2.6605E-4	1.0382E-4	1.2386E-4	1.2886E-4	8.362E-5	5.522E-5	4.293E-5	4.31E-5	6.292E-5	6.087E-5	5.23E-5	4.391E-5	4.618E-5	7.127E-5	1.8396E-4	7.571E-5	1.0583E-4	8.823E-5	5.432E-5	7.576E-5	1.1948E-4	5.928E-5	8.188E-5	1.6601E-4	2.6905E-4	8.789E-5	1.2923E-4	1.5311E-4	9.332E-5	2.1524E-4	7.802E-5	1.3886E-4	1.8074E-4	2.6047E-4	2.9392E-4	2.7623E-4	4.1047E-4	2.4946E-4	2.9895E-4
runway		4.142E-5	3.911E-5	3.406E-5	2.587E-5	3.246E-5	2.665E-5	2.32E-5	2.044E-5	3.114E-5	3.734E-5	3.47E-5	2.759E-5	3.532E-5	3.512E-5	2.464E-5	2.159E-5	2.33E-5	3.165E-5	1.944E-5	2.674E-5	3.279E-5	4.381E-5	2.87E-5	5.671E-5	5.73E-5	7.359E-5	1.5457E-4	1.3633E-4	7.611E-5	7.156E-5	6.81E-5	7.408E-5	7.387E-5	4.646E-5	6.727E-5	8.126E-5	1.9637E-4	1.4254E-4	2.2656E-4	3.3767E-4
art_studio		6.0947E-4	0.00101463	4.0193E-4	2.7864E-4	2.3394E-4	8.065E-5	5.094E-5	4.486E-5	5.013E-5	1.0705E-4	4.152E-5	6.306E-5	5.488E-5	4.793E-5	4.857E-5	8.594E-5	7.867E-5	6.907E-5	2.791E-5	2.235E-5	4.005E-5	5.279E-5	8.711E-5	5.562E-5	4.668E-5	5.948E-5	7.518E-5	1.0731E-4	1.4266E-4	5.867E-5	7.464E-5	7.455E-5	1.1103E-4	6.538E-5	7.532E-5	1.0472E-4	6.5403E-4	8.7157E-4	3.2405E-4	2.0462E-4
schoolhouse		0.04245153	0.03384427	0.05991121	0.11665152	0.03667533	0.02386647	0.10018684	0.14336789	0.04849812	0.04476342	0.03956293	0.04147966	0.03608421	0.03820688	0.0577467	0.07165619	0.08422562	0.04775621	0.03991018	0.03446743	0.08557829	0.04875141	0.04787984	0.08701681	0.09133375	0.11830906	0.14030193	0.06065641	0.11110201	0.04890031	0.15611376	0.10895914	0.18202408	0.0736029	0.13239941	0.15027858	0.20009033	0.18884432	0.084153	0.06245843
church_outdoor		0.00573471	0.00954669	0.01361476	0.02612818	0.03160632	0.01502213	0.01658331	0.01741058	0.01706215	0.00714902	0.00877675	0.01327001	0.02284206	0.01863756	0.02314862	0.02229904	0.02195576	0.01728346	0.01648046	0.01174171	0.00862977	0.00720534	0.00676984	0.01314396	0.0168795	0.01695884	0.01518288	0.0136021	0.01625941	0.0157626	0.01267828	0.01037987	0.01281545	0.01213021	0.01077578	0.01217964	0.01103999	0.01350476	0.01202722	0.01375312
bakery_shop		9.7225E-4	7.2142E-4	3.2698E-4	2.1164E-4	1.0487E-4	8.82E-5	2.896E-5	3.532E-5	2.527E-5	4.465E-5	2.116E-5	2.527E-5	2.024E-5	4.238E-5	1.1233E-4	6.694E-5	8.652E-5	3.142E-5	4.36E-5	4.146E-5	3.279E-5	3.56E-5	2.372E-5	3.187E-5	5.44E-5	8.344E-5	4.728E-5	8.033E-5	7.214E-5	6.646E-5	5.478E-5	2.967E-5	2.988E-5	2.797E-5	5.804E-5	2.709E-5	7.758E-5	1.4424E-4	1.3722E-4	1.2937E-4
track_outdoor		1.1141E-4	8.515E-5	5.247E-5	5.059E-5	4.339E-5	4.428E-5	3.889E-5	4.7E-5	5.499E-5	5.936E-5	8.818E-5	6.016E-5	4.207E-5	6.048E-5	4.364E-5	4.88E-5	2.926E-5	3.664E-5	3.011E-5	3.112E-5	3.916E-5	3.964E-5	2.717E-5	6.621E-5	8.152E-5	3.048E-5	8.564E-5	5.594E-5	2.889E-5	4.381E-5	4.425E-5	4.177E-5	2.535E-5	4.658E-5	6.843E-5	4.257E-5	4.683E-5	5.216E-5	1.4112E-4	3.3875E-4
valley		0.00710209	0.00635588	0.00545526	0.00520279	0.00467071	0.00448152	0.00462364	0.00328799	0.00455195	0.00534066	0.00463392	0.00557014	0.0032261	0.00464751	0.00325726	0.00427418	0.00337618	0.00531692	0.00517672	0.00383496	0.00506427	0.00539767	0.00485446	0.0036747	0.01062795	0.01485317	0.00440465	0.00344979	0.00446474	0.00729794	0.0096369	0.00632108	0.0081906	0.01102548	0.01520377	0.02347104	0.01454982	0.02580014	0.01232564	0.01752993
golf_course		0.03350762	0.02079389	0.05646357	0.03759025	0.02997315	0.01957179	0.01880596	0.014381	0.02204772	0.02914481	0.02907695	0.02477534	0.02597188	0.04221355	0.03010269	0.02074499	0.0160441	0.01907445	0.02271336	0.02912284	0.03357487	0.04097679	0.01773068	0.0294828	0.03311019	0.09690104	0.0281608	0.06332164	0.05551397	0.07049803	0.06584368	0.07703695	0.03344323	0.02315468	0.02698227	0.02510319	0.02142458	0.02692246	0.07166046	0.02645005
train_station_platform		0.00435281	0.00234412	6.903E-4	8.7984E-4	3.9788E-4	1.4033E-4	2.5611E-4	2.5516E-4	1.9614E-4	2.3437E-4	3.6894E-4	1.6784E-4	4.9615E-4	3.2579E-4	1.8818E-4	2.2189E-4	2.8449E-4	3.6573E-4	1.7012E-4	2.7046E-4	3.7424E-4	2.7185E-4	1.6289E-4	1.7154E-4	4.1315E-4	2.5597E-4	6.3165E-4	0.001427	5.6063E-4	3.6196E-4	7.7321E-4	7.4116E-4	5.6569E-4	3.5957E-4	1.2744E-4	1.8373E-4	0.00160956	0.00105955	0.00178904	0.00218962
pond		0.00729137	0.00275064	0.00273996	0.00350801	0.00535346	0.002726	0.00175896	0.00335918	9.8881E-4	0.00191206	0.00113084	9.5651E-4	0.00214379	0.00121923	0.00184722	0.00824666	0.0052176	0.00396061	0.00522969	0.00643538	0.0078942	0.01602584	0.00325083	0.00718845	0.0060638	0.00387811	0.00328456	0.00258813	0.00382828	0.00454542	0.0125782	0.00234185	0.0035793	0.00712198	0.00393947	0.00396277	0.00298879	0.00387076	0.00399569	0.0036938
picnic_area		0.00968271	0.00849468	0.00757942	0.00870938	0.00828034	0.00405631	0.00603592	0.00416099	0.00663002	0.00416698	0.00465492	0.00462143	0.00455211	0.00471916	0.00522094	0.00586507	0.0092047	0.00394673	0.00341785	0.00731032	0.00918242	0.00962055	0.00863543	0.01100224	0.01051693	0.01334524	0.00980173	0.01189769	0.02852341	0.01537009	0.01422008	0.01157018	0.00696795	0.01503317	0.00662492	0.00798905	0.0094989	0.0078857	0.00657558	0.00278784
kindergarden_classroom		3.787E-5	5.118E-5	4.813E-5	8.965E-5	2.752E-5	2.109E-5	2.423E-5	1.407E-5	1.746E-5	2.04E-5	1.429E-5	1.47E-5	1.662E-5	2.929E-5	1.824E-5	2.608E-5	3.233E-5	2.412E-5	1.106E-5	1.141E-5	1.741E-5	1.777E-5	3.139E-5	2.033E-5	2.481E-5	2.467E-5	3.027E-5	2.75E-5	2.508E-5	2.352E-5	2.148E-5	2.826E-5	2.768E-5	3.838E-5	4.365E-5	4.696E-5	7.46E-5	1.0916E-4	1.3247E-4	1.2647E-4
underwater_coral_reef		1.991E-5	2.456E-5	1.158E-5	2.027E-5	2.748E-5	4.792E-5	1.348E-5	1.254E-5	1.307E-5	2.776E-5	8.92E-6	1.073E-5	1.15E-5	1.415E-5	2.673E-5	3.838E-5	2.574E-5	2.571E-5	1.578E-5	1.054E-5	1.095E-5	1.637E-5	2.54E-5	3.048E-5	3.469E-5	6.318E-5	6.602E-5	4.845E-5	4.268E-5	3.717E-5	6.015E-5	3.119E-5	4.142E-5	3.836E-5	6.692E-5	3.753E-5	1.888E-5	3.863E-5	6.633E-5	6.354E-5
lighthouse		4.2231E-4	0.00170515	0.00277205	0.00287499	0.00105061	0.00287233	9.4056E-4	4.3789E-4	0.00114523	0.0015466	4.5966E-4	3.6274E-4	7.935E-4	0.00145111	0.0039732	0.00254573	0.00432832	0.00292252	0.00477325	0.00487581	0.00148351	7.6584E-4	0.00117215	0.00173935	0.00111498	0.00303144	0.0032787	0.00275973	0.00202389	0.00237141	0.00218088	0.00406229	0.00135617	0.00124929	0.00193748	0.00126656	8.4644E-4	0.00107523	0.00139582	0.00139841
cottage_garden		0.0086638	0.01129975	0.01249701	0.0105171	0.01084364	0.00759285	0.01090979	0.01024772	0.0170163	0.01355864	0.01571075	0.01061233	0.01563612	0.02004309	0.00848099	0.01012476	0.00870135	0.01114422	0.0113888	0.00546969	0.00903272	0.00895543	0.01420307	0.016047	0.00890241	0.00788837	0.00680808	0.00687875	0.00507543	0.00471693	0.00459307	0.00301526	0.00350298	0.00501539	0.00508901	0.00399481	0.00407357	0.00466951	0.00410852	0.00428115
boxing_ring		3.407E-5	2.64E-5	7.77E-6	6.21E-6	5.26E-6	4.77E-6	3.99E-6	3.63E-6	5.05E-6	5.33E-6	8.22E-6	4.98E-6	5.81E-6	8.55E-6	4.6E-6	7.12E-6	6.24E-6	6.62E-6	5.0E-6	5.74E-6	1.111E-5	8.4E-6	1.589E-5	1.14E-5	7.06E-6	7.82E-6	1.303E-5	1.193E-5	1.098E-5	1.373E-5	2.019E-5	3.371E-5	3.732E-5	2.585E-5	6.788E-5	6.129E-5	1.6518E-4	2.2521E-4	2.6033E-4	2.0272E-4
stadium_football		2.2864E-4	1.5616E-4	7.82E-5	9.326E-5	5.968E-5	8.94E-5	6.369E-5	6.361E-5	8.814E-5	1.4896E-4	1.8998E-4	8.448E-5	9.713E-5	1.5709E-4	8.947E-5	9.676E-5	5.772E-5	6.199E-5	4.602E-5	5.224E-5	6.635E-5	4.557E-5	3.375E-5	7.964E-5	7.503E-5	4.242E-5	1.7436E-4	1.4189E-4	4.871E-5	6.776E-5	1.1002E-4	1.6949E-4	1.0386E-4	1.4042E-4	2.8318E-4	1.0254E-4	3.5854E-4	2.9251E-4	7.8784E-4	0.00336414
water_tower		0.00439008	0.01128466	0.01771206	0.01493879	0.01114231	0.01096794	0.0038213	0.00909892	0.00464421	0.00237062	0.00271385	0.00347242	0.0065263	0.01175995	0.02954714	0.03719797	0.03205939	0.03882554	0.01925006	0.0214352	0.01714231	0.00981239	0.00976211	0.01000913	0.01140481	0.01099567	0.01708903	0.01047781	0.01497964	0.0244746	0.03256735	0.07298683	0.0220698	0.01532748	0.02519848	0.02063483	0.01802294	0.01494632	0.02034445	0.01582496
tree_farm		0.26092157	0.26291645	0.24908724	0.22674263	0.26727968	0.17786755	0.29228947	0.25501487	0.23183542	0.2237577	0.15201744	0.26910785	0.2710238	0.31212392	0.23801483	0.2015184	0.17686747	0.12090705	0.16264388	0.20761304	0.14587797	0.16405883	0.16968715	0.13748133	0.15772852	0.1370568	0.12731303	0.11288345	0.14123504	0.14578159	0.1360677	0.1652607	0.14983828	0.13478874	0.09066204	0.08023518	0.09077331	0.11172628	0.09583387	0.02548579
iceberg		1.747E-5	1.126E-5	7.09E-6	9.43E-6	1.213E-5	2.811E-5	6.95E-6	5.31E-6	5.89E-6	7.9E-6	4.31E-6	3.77E-6	4.32E-6	5.19E-6	1.29E-5	2.076E-5	1.385E-5	9.14E-6	1.471E-5	1.094E-5	7.19E-6	1.077E-5	1.002E-5	1.266E-5	1.234E-5	3.741E-5	1.823E-5	4.189E-5	2.34E-5	1.678E-5	2.638E-5	1.263E-5	1.599E-5	1.822E-5	5.202E-5	2.801E-5	4.008E-5	1.5872E-4	7.063E-5	5.931E-5
playground		0.00270128	0.005593	0.00204314	0.0036403	0.00415313	0.00354216	0.00661767	0.00364044	0.00598502	0.00599472	0.00642078	0.00507343	0.00404378	0.00619987	0.00369622	0.00310697	0.00477864	0.00268285	0.00204232	0.00398087	0.01261532	0.00708052	0.00976686	0.02769456	0.01098142	0.00531037	0.02894362	0.10797949	0.06596146	0.024246	0.04690107	0.03854938	0.02245241	0.01046924	0.01653924	0.0048387	0.01286862	0.00672996	0.01176987	0.0089516
bamboo_forest		2.3471E-4	2.4705E-4	2.4458E-4	3.2919E-4	3.2057E-4	2.1476E-4	1.2665E-4	8.934E-5	6.459E-5	8.153E-5	1.612E-4	1.5211E-4	1.4111E-4	1.272E-4	2.8425E-4	2.655E-4	1.9291E-4	2.1188E-4	2.0125E-4	2.8261E-4	2.2262E-4	3.4888E-4	1.4748E-4	3.4242E-4	3.1965E-4	3.9102E-4	0.00115794	2.787E-4	8.8097E-4	4.6501E-4	4.4222E-4	4.1707E-4	0.00119258	0.00165108	0.00162364	5.6151E-4	5.7401E-4	6.1657E-4	5.2127E-4	3.6526E-4
engine_room		1.2056E-4	6.402E-5	3.786E-5	3.533E-5	6.037E-5	3.49E-5	1.003E-5	1.864E-5	3.102E-5	3.986E-5	1.174E-5	2.122E-5	2.176E-5	2.068E-5	1.825E-5	1.239E-5	2.232E-5	1.446E-5	1.145E-5	1.234E-5	1.399E-5	2.974E-5	1.764E-5	1.623E-5	4.062E-5	3.306E-5	4.745E-5	7.023E-5	4.979E-5	3.599E-5	3.376E-5	3.539E-5	4.57E-5	2.979E-5	4.898E-5	6.931E-5	1.8129E-4	1.7049E-4	1.3468E-4	1.0634E-4
doorway_outdoor		0.01702649	0.01622066	0.01435326	0.00553136	0.00327328	0.00218511	0.00307568	0.00236918	0.00165359	0.00151829	0.00139739	0.00190098	0.00199746	0.0014977	0.00190071	0.00142072	0.00156792	9.1673E-4	7.6645E-4	7.5673E-4	0.00136216	0.00120449	7.2109E-4	0.00100609	0.00111904	0.00151071	0.00255691	0.0014441	0.00196759	0.00247883	0.00166945	0.00118963	0.00115881	0.00117815	0.00120667	0.00168947	0.00213542	0.00192426	0.00293407	0.00266859
hospital		0.01707231	0.0164654	0.0271383	0.02510315	0.01524165	0.00825715	0.00376302	0.00624267	0.00770348	0.00499621	0.01081588	0.00845658	0.00527865	0.01644666	0.0116227	0.02293748	0.01830483	0.0108166	0.01420965	0.00770941	0.01820184	0.01265592	0.02133366	0.02353131	0.01667756	0.03092509	0.01814563	0.03669762	0.02571293	0.01377916	0.01910658	0.01324777	0.01331383	0.01313053	0.01604557	0.01141797	0.01637767	0.01367006	0.01367815	0.02356337
gas_station		0.03234487	0.01683458	0.02762941	0.01477138	0.00161299	5.1222E-4	2.0761E-4	2.759E-4	1.4983E-4	2.3733E-4	2.1428E-4	1.6998E-4	1.1951E-4	1.8464E-4	3.5325E-4	2.6974E-4	4.6295E-4	1.5617E-4	1.5973E-4	1.5894E-4	1.4331E-4	1.4006E-4	9.99E-5	2.8452E-4	4.929E-4	2.0003E-4	6.1623E-4	3.459E-4	3.6915E-4	3.4565E-4	3.2853E-4	2.0686E-4	1.5309E-4	1.6133E-4	1.2942E-4	1.6497E-4	4.6843E-4	5.2523E-4	3.5642E-4	3.9982E-4
baseball_field		3.9468E-4	3.4376E-4	2.5164E-4	3.7828E-4	2.482E-4	2.892E-4	2.2031E-4	1.9146E-4	2.7576E-4	3.2208E-4	4.9486E-4	2.6231E-4	2.0966E-4	3.4258E-4	2.3369E-4	2.2349E-4	1.5613E-4	1.8024E-4	1.0922E-4	2.3116E-4	2.3974E-4	2.8149E-4	2.1795E-4	6.9483E-4	4.1173E-4	2.8564E-4	0.001074	0.00171552	4.3371E-4	7.3436E-4	0.00124954	0.00107222	7.6256E-4	3.0729E-4	4.7232E-4	2.8537E-4	0.0022175	0.00102427	0.00450728	0.00843929
kitchenette		5.631E-5	2.873E-5	2.212E-5	4.793E-5	2.62E-5	2.147E-5	3.42E-6	4.95E-6	6.08E-6	8.21E-6	2.81E-6	3.17E-6	4.05E-6	7.52E-6	1.047E-5	5.31E-6	8.83E-6	4.99E-6	4.95E-6	5.71E-6	6.1E-6	9.94E-6	3.86E-6	3.48E-6	6.66E-6	1.562E-5	1.561E-5	1.933E-5	1.392E-5	9.33E-6	1.106E-5	7.42E-6	6.31E-6	7.07E-6	6.64E-6	6.73E-6	2.11E-5	3.73E-5	2.693E-5	3.455E-5
fire_station		0.07222237	0.02803266	0.00656625	0.00757086	0.00628384	0.00222857	0.00170041	0.00142039	5.2195E-4	5.4529E-4	8.8762E-4	6.9987E-4	5.7104E-4	5.2852E-4	8.3282E-4	7.776E-4	9.8603E-4	0.00157121	0.00108262	9.3415E-4	0.00143218	0.00116635	9.194E-4	0.00155379	0.00240861	0.00183954	0.00227928	0.00232789	0.00109767	5.6382E-4	0.00164818	8.6463E-4	9.4535E-4	8.6978E-4	5.0541E-4	5.6323E-4	5.3219E-4	6.4188E-4	5.6851E-4	7.4925E-4
topiary_garden		0.0036028	0.00228282	0.00478131	0.00434085	0.00402756	0.00413885	0.00397401	0.00305496	0.00595063	0.00655714	0.00306825	0.00219074	0.00711238	0.00787922	0.00259275	0.00267835	0.00290235	0.00197254	0.0021865	0.00100704	0.00167193	0.00231175	0.00227297	0.00268595	0.0026487	0.00217465	0.00253152	0.00264951	0.00165041	0.00274763	0.00242389	0.00294614	0.00197957	0.003341	0.00403914	0.00231218	0.00190185	0.00184021	0.0053248	0.00590358
rope_bridge		1.24E-4	1.61E-4	8.935E-5	1.4966E-4	2.6039E-4	1.4794E-4	1.5459E-4	1.0601E-4	1.1597E-4	1.2292E-4	8.073E-5	6.393E-5	7.724E-5	8.531E-5	4.915E-5	9.671E-5	1.8092E-4	1.0516E-4	1.2469E-4	9.928E-5	1.6621E-4	1.4164E-4	3.2495E-4	1.8314E-4	1.9046E-4	1.98E-4	2.3147E-4	4.0687E-4	5.0835E-4	3.1818E-4	0.00131269	5.2906E-4	2.8984E-4	4.6128E-4	5.7782E-4	3.213E-4	8.2206E-4	6.0943E-4	0.00114449	0.00102488
mountain_snowy		5.1222E-4	3.3942E-4	2.5889E-4	3.6271E-4	3.1031E-4	3.4549E-4	3.4027E-4	1.8107E-4	3.3473E-4	3.7755E-4	1.7168E-4	2.8188E-4	2.9914E-4	1.6012E-4	3.3604E-4	3.4238E-4	7.1487E-4	3.5511E-4	6.1744E-4	3.8433E-4	3.7789E-4	4.8549E-4	6.5984E-4	4.5212E-4	4.2301E-4	0.00118587	3.0796E-4	9.8216E-4	5.2796E-4	0.00167585	8.7696E-4	4.1368E-4	0.00105086	0.00151958	0.00504872	0.00139877	0.001114	0.00451871	0.0011415	0.00120829
lobby		3.3925E-4	2.2767E-4	8.959E-5	1.0216E-4	6.216E-5	1.204E-5	2.02E-5	1.327E-5	2.187E-5	1.519E-5	1.668E-5	1.534E-5	2.906E-5	4.323E-5	5.775E-5	1.0296E-4	6.979E-5	4.803E-5	6.278E-5	1.891E-5	3.262E-5	6.609E-5	5.76E-5	4.848E-5	5.634E-5	8.372E-5	3.2528E-4	1.1117E-4	6.428E-5	1.2426E-4	1.071E-4	8.301E-5	6.305E-5	4.204E-5	3.169E-5	4.217E-5	2.0386E-4	3.1845E-4	1.5215E-4	1.9866E-4
mausoleum		0.06361659	0.05940246	0.07255275	0.0628444	0.123278	0.21151952	0.18345724	0.10197946	0.06307887	0.1394464	0.05114064	0.06896745	0.15079388	0.11653656	0.0749558	0.0695001	0.05167217	0.05425403	0.05345413	0.04615622	0.0496715	0.04063169	0.02662285	0.03484864	0.06589154	0.06635869	0.05471824	0.04731806	0.04979406	0.09601931	0.14631768	0.12009007	0.04091355	0.05895472	0.03616396	0.03600169	0.04289627	0.07498586	0.04276427	0.09432551
rainforest		0.00620235	0.00603463	0.00744136	0.01031335	0.00846026	0.00817703	0.00769425	0.0063127	0.00586543	0.01125115	0.0052512	0.0072403	0.00588319	0.00732512	0.01446222	0.02014977	0.01314123	0.0185101	0.01858779	0.01425677	0.01183473	0.0200307	0.01204727	0.00976754	0.01857235	0.03260137	0.02709295	0.01783157	0.02494295	0.03192604	0.03802196	0.02288472	0.06093379	0.05282512	0.065844	0.04639254	0.04234651	0.04271242	0.01477308	0.00973292
boardwalk		0.00118006	0.00165467	6.8375E-4	5.3603E-4	0.00109223	7.7259E-4	8.0149E-4	5.6572E-4	5.3885E-4	5.8641E-4	4.2814E-4	4.6874E-4	3.6236E-4	2.7514E-4	3.3335E-4	3.8766E-4	3.657E-4	2.362E-4	3.1843E-4	6.0277E-4	6.382E-4	4.0657E-4	5.7924E-4	4.0814E-4	5.3874E-4	4.4425E-4	6.0555E-4	6.3493E-4	6.8526E-4	4.5316E-4	4.8754E-4	3.5739E-4	9.7472E-4	8.3607E-4	5.062E-4	3.5842E-4	7.2482E-4	6.2133E-4	7.6613E-4	2.7291E-4
