building_facade		0.13145174	0.11751548	0.1186363	0.13278969	0.11095604	0.11692304	0.10090594	0.09740231	0.09990472	0.10670394	0.09195158	0.06781038	0.06030709	0.07368811	0.08222114	0.0711899	0.06008181	0.05543746	0.0599916	0.06661211	0.07308501	0.06203847	0.06260225	0.07880449	0.06537557	0.05049262	0.04277875	0.04848929	0.04758756	0.05719596	0.0554233	0.05297165	0.04004237	0.0487438	0.04407797	0.02936074	0.02804211	0.02786929	0.02929938	0.03743108	0.03632435	0.02377533	0.02547462	0.03709777	0.03392177	0.04203236
restaurant_patio		3.6713E-4	5.5763E-4	5.1848E-4	5.3062E-4	5.2812E-4	8.3874E-4	8.5458E-4	8.0332E-4	7.7297E-4	7.4427E-4	8.5332E-4	5.1437E-4	6.4053E-4	0.00125761	0.00117766	7.9697E-4	6.1949E-4	6.3478E-4	5.5705E-4	3.6065E-4	5.4181E-4	7.1801E-4	7.1767E-4	9.7254E-4	4.5897E-4	4.2034E-4	3.0193E-4	4.7949E-4	4.3209E-4	2.9986E-4	5.8891E-4	7.147E-4	4.264E-4	2.2567E-4	3.8441E-4	2.7248E-4	2.0828E-4	3.7143E-4	2.7971E-4	7.1891E-4	4.2237E-4	4.3396E-4	3.8768E-4	5.0308E-4	2.7482E-4	4.2067E-4
airport_terminal		2.8165E-4	2.2585E-4	2.2463E-4	2.4356E-4	6.374E-5	1.6293E-4	1.7519E-4	2.0451E-4	1.1649E-4	1.9161E-4	5.02E-5	2.203E-5	3.809E-5	2.455E-5	1.948E-5	2.528E-5	3.78E-5	1.85E-5	2.894E-5	2.55E-5	3.368E-5	4.465E-5	3.743E-5	2.765E-5	1.621E-5	2.844E-5	3.901E-5	3.128E-5	2.674E-5	2.367E-5	1.81E-5	3.203E-5	1.84E-5	3.34E-5	1.952E-5	2.205E-5	3.414E-5	2.052E-5	1.261E-5	2.776E-5	3.029E-5	2.471E-5	2.063E-5	2.844E-5	2.525E-5	2.826E-5
cafeteria		1.478E-5	2.351E-5	3.749E-5	3.528E-5	4.541E-5	5.829E-5	5.16E-5	5.873E-5	6.573E-5	5.594E-5	5.24E-5	5.039E-5	5.53E-5	6.038E-5	3.677E-5	3.835E-5	3.243E-5	3.684E-5	2.851E-5	2.584E-5	1.916E-5	3.55E-5	3.69E-5	5.114E-5	3.301E-5	2.551E-5	2.227E-5	5.116E-5	3.347E-5	2.061E-5	2.986E-5	4.325E-5	2.286E-5	1.667E-5	3.195E-5	3.396E-5	2.715E-5	1.51E-5	1.716E-5	1.77E-5	1.48E-5	2.327E-5	2.113E-5	4.884E-5	4.228E-5	3.466E-5
shopfront		0.0108508	0.0176815	0.01207253	0.01246408	0.0076569	0.01234861	0.00896721	0.00967436	0.0103665	0.01224662	0.0071347	0.00670787	0.00463557	0.00710314	0.00678222	0.00450271	0.00368023	0.00375593	0.00449431	0.00490642	0.00797988	0.01079659	0.00859147	0.00865404	0.00511899	0.00218638	8.7047E-4	0.00129376	7.784E-4	0.00140058	0.00122098	0.0013879	3.0169E-4	5.0126E-4	5.1279E-4	4.7123E-4	7.8888E-4	3.3005E-4	3.9942E-4	1.6645E-4	1.3059E-4	1.4028E-4	1.2971E-4	1.1183E-4	2.0016E-4	3.9607E-4
desert_vegetation		3.42E-5	5.702E-5	3.577E-5	4.926E-5	6.634E-5	6.028E-5	4.491E-5	3.601E-5	2.778E-5	2.681E-5	2.484E-5	2.647E-5	3.623E-5	3.135E-5	3.027E-5	2.855E-5	3.565E-5	3.213E-5	7.136E-5	6.19E-5	2.508E-5	3.532E-5	3.44E-5	5.849E-5	4.003E-5	2.87E-5	4.442E-5	9.332E-5	9.561E-5	8.005E-5	5.735E-5	7.116E-5	6.864E-5	3.974E-5	5.922E-5	4.961E-5	7.336E-5	5.897E-5	1.2091E-4	1.7936E-4	2.1987E-4	1.741E-4	1.8117E-4	2.5077E-4	1.7401E-4	2.5107E-4
ski_slope		2.337E-5	2.68E-5	3.801E-5	5.568E-5	1.0065E-4	1.2789E-4	2.3331E-4	1.9765E-4	1.8541E-4	1.7794E-4	1.3661E-4	7.463E-5	7.521E-5	1.4345E-4	1.2792E-4	1.7254E-4	1.7337E-4	1.5332E-4	4.8438E-4	3.7109E-4	4.9472E-4	6.5094E-4	8.0258E-4	3.4455E-4	1.2605E-4	9.958E-5	8.953E-5	1.2634E-4	7.877E-5	5.297E-5	6.864E-5	6.409E-5	7.778E-5	8.409E-5	6.57E-5	4.529E-5	5.153E-5	3.361E-5	3.091E-5	2.32E-5	1.986E-5	3.859E-5	2.848E-5	1.864E-5	6.505E-5	8.727E-5
bayou		1.0946E-4	1.3564E-4	2.6579E-4	1.0954E-4	4.302E-5	4.454E-5	3.904E-5	3.819E-5	3.374E-5	3.624E-5	9.538E-5	8.673E-5	8.989E-5	6.393E-5	1.109E-4	9.24E-5	1.8269E-4	1.2048E-4	7.592E-5	1.4242E-4	1.1238E-4	3.5451E-4	2.0208E-4	9.76E-5	7.197E-5	9.789E-5	2.745E-4	8.617E-5	1.4323E-4	1.1124E-4	1.2287E-4	2.1309E-4	9.195E-5	9.971E-5	8.035E-5	5.719E-5	7.926E-5	6.57E-5	1.0533E-4	3.6086E-4	3.8981E-4	6.0344E-4	4.4646E-4	0.00129831	0.00115368	0.00150613
mountain		1.6242E-4	2.9797E-4	1.9468E-4	2.6608E-4	5.1598E-4	5.4264E-4	4.679E-4	2.9422E-4	2.4244E-4	2.1E-4	1.6514E-4	1.2952E-4	1.726E-4	2.3362E-4	1.3929E-4	1.767E-4	2.289E-4	1.619E-4	3.0701E-4	2.862E-4	3.4997E-4	3.0938E-4	4.9286E-4	4.4538E-4	2.4181E-4	1.9598E-4	1.8193E-4	2.8581E-4	2.0809E-4	2.0008E-4	1.9232E-4	3.5094E-4	2.7281E-4	2.173E-4	8.5265E-4	6.4745E-4	3.346E-4	6.1637E-4	7.2435E-4	7.1925E-4	0.00110168	3.9063E-4	2.0486E-4	5.0249E-4	6.5414E-4	0.0026741
bar		7.769E-4	0.00122917	7.84E-4	9.7345E-4	6.4276E-4	0.00109429	0.00100106	9.2566E-4	8.8221E-4	0.00103173	6.906E-4	4.5839E-4	4.8362E-4	6.4673E-4	6.4432E-4	3.9712E-4	2.8973E-4	3.385E-4	4.5339E-4	3.0426E-4	6.5585E-4	0.00109492	0.00128002	0.00139784	6.9435E-4	2.8212E-4	1.6624E-4	3.3012E-4	1.99E-4	2.1025E-4	2.7652E-4	3.4272E-4	1.1035E-4	1.1566E-4	1.5488E-4	1.3919E-4	1.8798E-4	8.452E-5	9.767E-5	1.055E-4	1.4969E-4	9.112E-5	1.3347E-4	1.5728E-4	2.7456E-4	3.0784E-4
forest_road		3.6381E-4	6.0929E-4	3.5836E-4	2.6164E-4	2.6133E-4	3.5408E-4	2.6905E-4	2.0274E-4	1.9358E-4	1.9091E-4	2.8589E-4	3.0137E-4	2.1198E-4	1.9253E-4	2.2441E-4	2.2111E-4	3.3873E-4	5.4695E-4	7.4718E-4	0.00120329	3.8816E-4	4.6704E-4	6.6012E-4	3.816E-4	3.5847E-4	1.6245E-4	2.364E-4	4.8043E-4	6.8024E-4	3.9997E-4	3.9819E-4	6.6428E-4	3.1381E-4	3.189E-4	7.3413E-4	7.6002E-4	4.1708E-4	4.9583E-4	0.00176867	6.0905E-4	0.00126608	0.00221501	0.00362999	0.00804264	0.01126914	0.0271146
dinette_home		7.68E-6	8.81E-6	1.222E-5	1.427E-5	2.178E-5	2.15E-5	2.49E-5	2.021E-5	2.448E-5	2.379E-5	1.702E-5	1.511E-5	1.445E-5	2.069E-5	1.252E-5	1.284E-5	1.257E-5	1.33E-5	1.662E-5	1.362E-5	2.831E-5	1.609E-5	2.245E-5	3.055E-5	2.409E-5	1.023E-5	8.91E-6	1.903E-5	1.413E-5	1.087E-5	9.99E-6	1.909E-5	1.059E-5	1.006E-5	2.163E-5	1.931E-5	1.676E-5	8.61E-6	1.062E-5	9.29E-6	5.66E-6	8.98E-6	1.533E-5	2.914E-5	2.684E-5	1.404E-5
wheat_field		4.016E-5	4.424E-5	3.725E-5	6.728E-5	5.886E-5	4.662E-5	3.242E-5	3.395E-5	2.87E-5	5.042E-5	3.005E-5	3.025E-5	2.69E-5	2.722E-5	2.117E-5	2.297E-5	3.054E-5	2.553E-5	3.838E-5	3.156E-5	2.299E-5	3.238E-5	2.93E-5	4.926E-5	2.949E-5	5.991E-5	8.427E-5	6.251E-5	6.444E-5	7.508E-5	7.345E-5	6.224E-5	5.46E-5	5.668E-5	4.015E-5	3.629E-5	5.108E-5	4.07E-5	6.458E-5	8.829E-5	7.67E-5	6.3E-5	6.9E-5	2.2196E-4	2.1505E-4	2.2751E-4
courthouse		0.02393034	0.08260002	0.03816736	0.03166084	0.0433773	0.03355259	0.03107402	0.01835395	0.01266512	0.02149012	0.01662862	0.0364637	0.04733036	0.03944875	0.05596177	0.03212859	0.04660197	0.05731436	0.04016938	0.03729029	0.05499202	0.05001513	0.05952225	0.0286166	0.02562243	0.05321547	0.04046532	0.04083443	0.06441175	0.05246436	0.04696121	0.06799422	0.07222125	0.12081809	0.0431053	0.02977289	0.03201117	0.02562287	0.01631785	0.02444139	0.01490697	0.0084994	0.01071643	0.01496899	0.02500464	0.03160828
dock		8.641E-5	8.861E-5	2.229E-4	1.3669E-4	1.2587E-4	1.1282E-4	1.6452E-4	1.7738E-4	1.6447E-4	1.2292E-4	1.0374E-4	1.2268E-4	1.6676E-4	1.0049E-4	1.5799E-4	7.924E-5	2.1835E-4	1.202E-4	9.543E-5	1.4204E-4	1.0667E-4	3.0085E-4	1.6333E-4	1.6E-4	1.2691E-4	1.217E-4	1.8634E-4	2.6243E-4	1.5078E-4	8.747E-5	1.9086E-4	1.2004E-4	8.982E-5	1.2541E-4	1.37E-4	1.02E-4	1.8088E-4	9.522E-5	1.354E-4	4.4855E-4	4.7675E-4	2.4318E-4	1.446E-4	4.9775E-4	3.5858E-4	7.0934E-4
marsh		4.046E-5	4.45E-5	8.884E-5	6.403E-5	4.018E-5	3.405E-5	2.723E-5	3.718E-5	3.688E-5	2.61E-5	5.585E-5	5.157E-5	5.5E-5	4.385E-5	5.151E-5	5.356E-5	9.705E-5	6.095E-5	5.047E-5	8.494E-5	4.436E-5	1.4207E-4	7.992E-5	4.569E-5	5.082E-5	5.24E-5	1.7579E-4	8.089E-5	1.2079E-4	6.905E-5	5.181E-5	9.053E-5	4.611E-5	4.387E-5	5.218E-5	3.971E-5	5.862E-5	5.177E-5	7.843E-5	2.18E-4	1.8611E-4	1.6402E-4	1.2734E-4	3.9705E-4	3.9511E-4	3.3529E-4
shoe_shop		5.702E-5	9.62E-5	6.911E-5	8.158E-5	7.218E-5	1.4004E-4	7.398E-5	7.931E-5	8.024E-5	7.893E-5	4.863E-5	4.635E-5	4.696E-5	5.354E-5	4.849E-5	6.678E-5	5.756E-5	6.327E-5	8.986E-5	9.5E-5	1.2945E-4	3.4843E-4	3.0501E-4	2.4796E-4	1.5046E-4	7.874E-5	6.786E-5	1.271E-4	6.671E-5	4.797E-5	7.633E-5	1.1408E-4	5.204E-5	5.36E-5	6.782E-5	6.259E-5	6.603E-5	2.561E-5	2.491E-5	3.363E-5	4.358E-5	4.509E-5	4.332E-5	3.948E-5	1.0346E-4	7.053E-5
sandbar		1.04E-5	1.735E-5	1.444E-5	3.023E-5	3.0E-5	2.463E-5	2.656E-5	2.516E-5	1.973E-5	1.871E-5	1.369E-5	7.47E-6	9.73E-6	1.111E-5	8.74E-6	1.257E-5	1.283E-5	1.561E-5	1.803E-5	2.144E-5	2.379E-5	3.84E-5	3.177E-5	4.423E-5	2.121E-5	1.42E-5	2.251E-5	5.234E-5	2.458E-5	1.218E-5	2.784E-5	2.822E-5	2.229E-5	1.124E-5	2.03E-5	1.646E-5	2.42E-5	1.768E-5	3.549E-5	1.326E-4	1.9611E-4	1.0178E-4	4.132E-5	1.2826E-4	1.0843E-4	1.3565E-4
dorm_room		8.39E-6	1.044E-5	1.108E-5	1.837E-5	2.559E-5	2.476E-5	2.366E-5	2.391E-5	2.536E-5	2.019E-5	1.35E-5	1.38E-5	1.454E-5	1.358E-5	1.35E-5	2.148E-5	4.425E-5	2.593E-5	4.067E-5	3.264E-5	4.73E-5	7.148E-5	9.766E-5	7.837E-5	3.814E-5	1.521E-5	1.178E-5	2.903E-5	1.755E-5	1.427E-5	1.66E-5	3.563E-5	1.696E-5	1.738E-5	3.139E-5	3.682E-5	5.391E-5	2.672E-5	2.577E-5	2.783E-5	2.702E-5	2.301E-5	4.231E-5	4.453E-5	1.4892E-4	1.397E-4
trench		2.8047E-4	3.7217E-4	3.6021E-4	7.7478E-4	0.0011591	9.1741E-4	8.5148E-4	8.3484E-4	4.1172E-4	5.0641E-4	3.4762E-4	3.4161E-4	2.3636E-4	4.6577E-4	5.8992E-4	0.00127814	0.0013462	0.00152062	0.00194241	0.00106276	4.7062E-4	5.8608E-4	6.5957E-4	7.0274E-4	5.4597E-4	5.2884E-4	7.756E-4	0.00218998	0.00202367	0.00124061	0.00199296	0.00137662	9.4493E-4	5.2253E-4	0.00135768	0.00119122	0.00271989	0.00185178	0.0050569	0.00496848	0.00239854	0.00258517	0.00396841	0.00312307	0.00277702	0.0025786
assembly_line		5.175E-5	5.213E-5	4.117E-5	6.768E-5	6.794E-5	6.656E-5	6.643E-5	7.541E-5	4.685E-5	5.245E-5	3.194E-5	2.155E-5	4.297E-5	3.245E-5	2.996E-5	3.928E-5	5.891E-5	3.147E-5	3.094E-5	3.33E-5	4.439E-5	1.3998E-4	9.689E-5	9.786E-5	6.925E-5	2.716E-5	3.422E-5	7.541E-5	3.978E-5	3.106E-5	2.893E-5	6.113E-5	3.117E-5	3.554E-5	2.747E-5	2.844E-5	5.017E-5	3.323E-5	3.454E-5	2.886E-5	3.275E-5	3.532E-5	2.522E-5	2.526E-5	2.799E-5	2.891E-5
wind_farm		5.841E-5	7.702E-5	6.945E-5	1.0189E-4	4.552E-5	4.662E-5	3.827E-5	3.269E-5	2.035E-5	3.254E-5	2.731E-5	1.441E-5	1.879E-5	1.93E-5	1.652E-5	1.326E-5	2.051E-5	2.768E-5	4.282E-5	5.174E-5	1.74E-5	2.054E-5	2.399E-5	3.723E-5	2.117E-5	4.407E-5	6.744E-5	3.952E-5	3.931E-5	4.691E-5	5.633E-5	6.338E-5	4.046E-5	6.041E-5	4.133E-5	3.487E-5	4.911E-5	3.588E-5	3.56E-5	6.645E-5	9.154E-5	6.084E-5	4.754E-5	5.651E-5	6.425E-5	8.955E-5
skyscraper		0.00169229	0.00265603	0.00283587	0.00440589	0.00311931	0.00476823	0.00371112	0.00344544	0.00240297	0.00238907	0.00202686	0.0012388	0.00147987	0.00126937	0.00111156	0.001413	8.8433E-4	0.00107883	0.00135598	0.00187993	9.9769E-4	0.00171632	0.00161523	0.00220052	0.00193153	0.00176786	0.00287394	0.00288911	0.00410429	0.00261167	0.00239824	0.0040759	0.00227997	0.00191312	0.00295341	0.00330589	0.00209065	0.00145045	0.00499329	0.00745688	0.00482485	0.01289685	0.0077484	0.00595947	0.01006421	0.01117544
amphitheater		0.05561262	0.03593202	0.06102307	0.06496122	0.16208306	0.03115217	0.08553598	0.04975436	0.10058572	0.10352831	0.15453953	0.16003035	0.0846931	0.07500683	0.10736022	0.2171236	0.1643877	0.33967647	0.33152586	0.36622652	0.1846937	0.10388478	0.08265498	0.16094817	0.26680818	0.26016998	0.3720458	0.12846978	0.2909052	0.4655647	0.5905631	0.32996848	0.52304816	0.25863042	0.32595682	0.25442922	0.1568477	0.10413405	0.02823102	0.05876768	0.07516035	0.07947545	0.02347042	0.01743979	0.0250268	0.01962559
canyon		7.098E-5	1.439E-4	8.584E-5	1.374E-4	2.8565E-4	2.6144E-4	2.9729E-4	1.4758E-4	1.0905E-4	1.1007E-4	2.397E-4	1.9517E-4	1.4705E-4	2.1796E-4	1.6714E-4	1.6681E-4	2.2005E-4	2.5144E-4	3.3088E-4	3.0652E-4	2.1154E-4	3.0387E-4	2.9748E-4	2.8607E-4	1.7054E-4	2.0257E-4	1.314E-4	2.3297E-4	2.1995E-4	2.0637E-4	1.8679E-4	2.8095E-4	3.8978E-4	1.6677E-4	3.8349E-4	3.6315E-4	4.6637E-4	2.9207E-4	3.1735E-4	6.6298E-4	0.00224613	0.00185381	0.00123623	7.9784E-4	0.00253851	0.00726301
courtyard		0.44035643	0.54352355	0.58461607	0.6269234	0.6713274	0.62117267	0.55772734	0.6194561	0.63182133	0.66750926	0.6414659	0.6947135	0.59249455	0.60362524	0.5540542	0.5312809	0.47050852	0.5256044	0.56973606	0.4437412	0.5299204	0.5470084	0.50611216	0.5371692	0.5718892	0.46401104	0.49785063	0.5137999	0.4305362	0.49532336	0.50181323	0.44117674	0.4067858	0.44195476	0.4613393	0.40195033	0.42827505	0.5473485	0.5982946	0.47557196	0.5463385	0.4309086	0.49528387	0.64351606	0.44496027	0.45679218
orchard		1.9223E-4	1.8212E-4	1.7785E-4	2.3706E-4	2.0989E-4	2.2001E-4	3.2269E-4	1.8156E-4	1.7379E-4	1.9683E-4	2.656E-4	1.8213E-4	2.3402E-4	2.3196E-4	2.3175E-4	3.1054E-4	3.6874E-4	3.8335E-4	3.8036E-4	4.2152E-4	2.4294E-4	3.196E-4	2.5234E-4	2.1161E-4	2.1529E-4	2.5407E-4	3.3768E-4	3.0423E-4	3.9846E-4	4.1353E-4	2.6881E-4	4.0085E-4	2.9875E-4	3.6877E-4	3.3833E-4	4.9632E-4	4.1308E-4	5.0212E-4	0.00170157	0.00142877	0.002023	0.00240039	0.00320786	0.00584267	0.00496385	0.0062231
bridge		0.00484603	0.00348401	0.00352816	0.00335173	0.00211342	0.00185904	0.00201086	0.00207453	0.00181051	0.00208284	0.00229122	0.0018795	0.00136379	0.00145266	9.4167E-4	8.9525E-4	0.00207234	0.00159252	0.00153103	0.00289322	0.00181862	0.00192134	0.00275462	0.00311258	0.00321976	0.00458812	0.00518799	0.00580334	0.00329227	0.00233843	0.0024763	0.00219813	0.00180168	0.00282418	0.00286381	0.00193138	0.00153332	0.00182982	0.00602043	0.03236717	0.03915658	0.04191263	0.01796539	0.0365389	0.01102614	0.03806932
shower		9.255E-5	1.0053E-4	9.76E-5	1.1859E-4	1.7203E-4	1.7406E-4	1.4211E-4	1.6986E-4	1.2593E-4	1.0289E-4	7.249E-5	5.402E-5	5.022E-5	5.35E-5	4.834E-5	6.808E-5	6.384E-5	5.929E-5	5.732E-5	7.682E-5	9.024E-5	5.887E-5	5.417E-5	6.507E-5	4.573E-5	2.967E-5	2.748E-5	6.044E-5	3.925E-5	2.76E-5	5.315E-5	5.587E-5	5.136E-5	3.884E-5	6.706E-5	1.3813E-4	1.014E-4	4.242E-5	9.132E-5	1.8848E-4	2.4179E-4	1.5739E-4	2.7471E-4	3.415E-4	6.0521E-4	5.8887E-4
art_gallery		1.6134E-4	2.1003E-4	1.8051E-4	2.4247E-4	2.9701E-4	3.2508E-4	2.7395E-4	3.1026E-4	3.8678E-4	3.431E-4	1.7831E-4	2.5064E-4	2.3747E-4	1.7089E-4	9.276E-5	1.4387E-4	1.2323E-4	1.7683E-4	1.9423E-4	1.6732E-4	2.2165E-4	4.2185E-4	4.7197E-4	3.6961E-4	2.4315E-4	1.3117E-4	1.1218E-4	1.7756E-4	1.1574E-4	9.598E-5	1.3202E-4	1.9519E-4	1.1621E-4	1.1667E-4	2.0685E-4	2.2751E-4	2.2443E-4	1.376E-4	1.3062E-4	1.1567E-4	1.2456E-4	1.7022E-4	1.7458E-4	1.7982E-4	6.2627E-4	4.3736E-4
bookstore		4.6529E-4	7.1658E-4	3.7025E-4	3.6134E-4	2.84E-4	6.3888E-4	4.9672E-4	4.6808E-4	6.1422E-4	5.0447E-4	3.5528E-4	3.1696E-4	1.9441E-4	2.4995E-4	2.2366E-4	2.4365E-4	6.3541E-4	2.7507E-4	4.7586E-4	3.4708E-4	6.3082E-4	0.00255427	0.00270394	0.00266886	5.6212E-4	2.8484E-4	1.3253E-4	3.9481E-4	1.9759E-4	1.7341E-4	2.9832E-4	7.3565E-4	1.194E-4	2.7125E-4	7.0548E-4	7.3188E-4	6.2964E-4	2.2122E-4	1.383E-4	1.2574E-4	8.07E-5	8.725E-5	1.0496E-4	1.1661E-4	6.6269E-4	4.2213E-4
volcano		6.978E-5	1.2575E-4	6.996E-5	1.2585E-4	1.7786E-4	1.9223E-4	1.4935E-4	1.1177E-4	7.524E-5	6.701E-5	4.904E-5	3.989E-5	5.493E-5	4.356E-5	3.587E-5	4.365E-5	4.718E-5	4.315E-5	5.815E-5	4.937E-5	6.262E-5	6.744E-5	1.1401E-4	1.4613E-4	8.067E-5	6.075E-5	6.321E-5	1.3962E-4	7.101E-5	6.036E-5	8.188E-5	1.0815E-4	9.757E-5	4.914E-5	1.4739E-4	7.991E-5	6.476E-5	6.293E-5	1.0689E-4	9.667E-5	1.2437E-4	6.3E-5	3.68E-5	5.46E-5	1.043E-4	2.7745E-4
kitchen		1.972E-5	3.206E-5	2.734E-5	5.349E-5	6.298E-5	5.515E-5	7.892E-5	5.472E-5	4.927E-5	4.303E-5	2.749E-5	1.918E-5	1.991E-5	1.986E-5	1.905E-5	2.244E-5	3.152E-5	2.032E-5	2.994E-5	2.291E-5	3.175E-5	5.626E-5	5.589E-5	9.008E-5	5.689E-5	1.579E-5	1.061E-5	3.899E-5	2.002E-5	1.428E-5	1.395E-5	2.77E-5	1.554E-5	1.478E-5	2.215E-5	2.717E-5	4.099E-5	1.527E-5	1.696E-5	1.553E-5	1.716E-5	1.034E-5	1.347E-5	1.237E-5	1.483E-5	1.006E-5
cemetery		0.00114143	0.00131618	0.00154378	0.00170203	0.00120773	0.00132304	9.2962E-4	0.00109645	0.00124453	0.00104263	0.0011229	0.0011958	0.00188956	0.00247965	0.00530707	0.0054484	0.00834832	0.00905942	0.01206722	0.01559461	0.00811879	0.00257815	0.00334923	0.00243224	0.00305379	0.00219458	0.00230906	0.00446923	0.00309175	0.0036682	0.00215741	0.00207659	0.0024277	0.00463292	0.0048696	0.00849098	0.01531544	0.01403123	0.03537742	0.04578576	0.01585067	0.0057404	0.00874506	0.0130247	0.01003726	0.01302705
staircase		0.00468298	0.00554752	0.00516186	0.0062538	0.00544493	0.00734277	0.00441368	0.00594055	0.00596848	0.00452748	0.00300668	0.00261256	0.00351508	0.00456213	0.00463233	0.00481262	0.00459397	0.00485617	0.00264558	0.00574801	0.01470164	0.00474952	0.00527489	0.0030169	0.00321562	0.00901679	0.00268387	0.00387647	0.0016585	0.0031336	0.00566681	0.00343906	0.00326029	0.00345843	0.00400986	0.00494158	0.00271002	0.00420796	0.00367596	0.0037417	0.00528905	0.0062834	0.00318307	0.0028204	0.01285173	0.01363189
construction_site		0.01359127	0.01592395	0.01215124	0.02557835	0.01835012	0.01454984	0.02182766	0.01799184	0.00963588	0.0102771	0.00740234	0.00445667	0.00647388	0.0082849	0.00501028	0.0067731	0.00659123	0.00614548	0.00699863	0.00543957	0.00530807	0.01254481	0.00887682	0.01270195	0.00663469	0.00380607	0.00517903	0.01022152	0.00759743	0.00583904	0.01044683	0.01075212	0.0057511	0.00393969	0.00370307	0.00668333	0.00935848	0.00796992	0.00927057	0.007482	0.00460922	0.00479042	0.00860636	0.00345042	0.00300731	0.00299108
sea_cliff		1.709E-5	3.413E-5	3.1E-5	5.71E-5	8.656E-5	7.122E-5	6.758E-5	7.024E-5	6.34E-5	4.242E-5	3.838E-5	3.486E-5	3.973E-5	5.109E-5	4.214E-5	5.816E-5	7.279E-5	8.636E-5	8.178E-5	9.55E-5	7.89E-5	1.3531E-4	1.2584E-4	1.6786E-4	7.801E-5	8.611E-5	1.6441E-4	2.1131E-4	2.7503E-4	1.9447E-4	3.1519E-4	2.5767E-4	1.7632E-4	6.565E-5	2.4759E-4	1.6116E-4	1.7148E-4	1.122E-4	1.0914E-4	4.7195E-4	7.7703E-4	2.2808E-4	1.3486E-4	1.4888E-4	5.6476E-4	7.7022E-4
bus_interior		6.05E-6	9.72E-6	8.24E-6	1.301E-5	1.489E-5	1.442E-5	1.283E-5	1.293E-5	1.159E-5	1.15E-5	6.58E-6	5.14E-6	5.43E-6	5.11E-6	4.4E-6	4.49E-6	9.5E-6	5.66E-6	7.63E-6	8.69E-6	7.2E-6	1.098E-5	1.256E-5	1.37E-5	1.023E-5	6.35E-6	9.6E-6	8.66E-6	5.98E-6	7.68E-6	6.23E-6	9.3E-6	5.59E-6	5.91E-6	1.243E-5	1.197E-5	1.652E-5	1.133E-5	1.144E-5	7.27E-6	6.96E-6	7.21E-6	8.5E-6	5.63E-6	1.12E-5	1.281E-5
railroad_track		0.00165636	0.0020332	0.00115208	0.00131799	0.00100332	7.6031E-4	5.5769E-4	4.7664E-4	2.2352E-4	4.2754E-4	3.9486E-4	5.7805E-4	7.468E-4	4.4502E-4	5.3394E-4	1.994E-4	5.0258E-4	2.35E-4	2.8407E-4	3.2595E-4	2.2171E-4	2.5138E-4	2.8052E-4	4.3102E-4	4.1856E-4	2.8024E-4	5.5587E-4	5.5012E-4	0.00182941	0.00115501	6.9373E-4	8.214E-4	4.8542E-4	7.8005E-4	8.3032E-4	4.1584E-4	5.6847E-4	0.00103306	0.00258586	0.00244804	0.00366099	0.00239269	0.00229595	0.00354531	0.00186432	0.00470487
closet		6.49E-6	8.57E-6	7.56E-6	1.263E-5	1.353E-5	1.237E-5	1.039E-5	8.41E-6	9.05E-6	8.22E-6	4.62E-6	3.95E-6	4.36E-6	6.05E-6	9.64E-6	1.688E-5	3.351E-5	1.479E-5	4.024E-5	3.645E-5	2.823E-5	2.453E-5	2.366E-5	2.905E-5	1.517E-5	1.237E-5	1.009E-5	2.321E-5	1.536E-5	1.371E-5	1.616E-5	2.266E-5	1.234E-5	1.742E-5	2.427E-5	3.46E-5	3.451E-5	1.467E-5	1.608E-5	1.998E-5	1.741E-5	1.944E-5	2.259E-5	1.995E-5	9.96E-5	6.552E-5
swamp		6.595E-5	6.751E-5	1.1108E-4	6.209E-5	2.957E-5	2.98E-5	3.126E-5	3.15E-5	2.848E-5	2.894E-5	6.543E-5	4.588E-5	4.62E-5	4.257E-5	4.492E-5	3.415E-5	6.915E-5	1.0457E-4	1.4653E-4	1.3844E-4	5.223E-5	6.332E-5	4.831E-5	5.043E-5	5.311E-5	3.386E-5	8.194E-5	5.844E-5	6.858E-5	4.331E-5	4.103E-5	6.359E-5	3.67E-5	6.753E-5	8.59E-5	9.761E-5	2.0103E-4	1.3442E-4	2.9072E-4	9.1196E-4	3.9775E-4	8.731E-4	0.00130409	8.3777E-4	0.0029494	0.00215202
coffee_shop		9.8338E-4	0.00149292	9.2986E-4	0.0011892	5.845E-4	0.00118313	9.1601E-4	7.9208E-4	6.9199E-4	7.9665E-4	7.407E-4	4.9157E-4	5.7779E-4	8.3401E-4	7.7696E-4	5.3194E-4	3.7982E-4	4.1994E-4	5.9945E-4	4.9736E-4	8.906E-4	0.00217235	0.00175702	0.00158131	7.3211E-4	3.8235E-4	2.1348E-4	4.2421E-4	2.6702E-4	2.2021E-4	4.0537E-4	5.5945E-4	1.5259E-4	1.6861E-4	1.9198E-4	2.0048E-4	2.2046E-4	9.655E-5	8.465E-5	1.0959E-4	8.546E-5	8.115E-5	1.0671E-4	1.3267E-4	2.4418E-4	2.0749E-4
botanical_garden		2.1717E-4	3.6729E-4	2.3359E-4	2.1852E-4	4.1559E-4	2.6044E-4	3.735E-4	1.7899E-4	2.3747E-4	2.6057E-4	2.5759E-4	1.9113E-4	2.647E-4	3.0063E-4	3.3689E-4	3.8921E-4	4.6741E-4	4.4903E-4	3.3087E-4	4.0519E-4	2.9691E-4	3.8922E-4	3.8606E-4	2.6724E-4	2.8077E-4	3.588E-4	3.2356E-4	2.9221E-4	4.3716E-4	5.3554E-4	4.0257E-4	6.7553E-4	4.9214E-4	9.0474E-4	0.00100098	0.00151227	0.00107344	0.00144761	0.00312111	0.00268681	0.00271307	0.00839868	0.006217	0.00806609	0.01179037	0.00681798
pagoda		1.3657E-4	1.4242E-4	1.1819E-4	2.0767E-4	2.6914E-4	2.0393E-4	3.6184E-4	1.2056E-4	8.304E-5	1.3208E-4	1.3401E-4	2.7278E-4	2.2577E-4	4.2818E-4	3.6834E-4	2.8013E-4	4.5303E-4	2.8585E-4	2.939E-4	4.7316E-4	7.3972E-4	9.303E-4	0.00127514	9.9979E-4	5.7831E-4	2.8909E-4	3.8415E-4	6.6551E-4	3.8731E-4	4.4407E-4	0.00117283	0.00147065	7.4554E-4	0.00106641	0.00217813	0.00232457	0.00194861	0.00469849	0.00423138	0.00395011	0.00162525	0.00286223	9.1689E-4	0.00137706	0.00361352	0.00288152
cathedral_outdoor		0.01892899	0.01564126	0.01510125	0.01279604	0.01289347	0.01574866	0.01595951	0.0131474	0.013002	0.01303962	0.01215312	0.01262494	0.02236662	0.02584315	0.01472471	0.02133699	0.01847462	0.01691771	0.01180518	0.01303671	0.02374864	0.02219422	0.02547067	0.04400221	0.04045939	0.03112736	0.03123907	0.0210314	0.02794592	0.03904964	0.03740583	0.0280007	0.03957573	0.02371151	0.01897382	0.02103017	0.02913384	0.01015734	0.00941753	0.01929577	0.01900387	0.00999165	0.00860164	0.01421588	0.01376049	0.01271226
fairway		0.00110652	0.00109676	0.00119706	0.00143899	6.4425E-4	5.8815E-4	0.00113621	7.0337E-4	3.9333E-4	5.3291E-4	4.7117E-4	2.294E-4	2.4582E-4	3.2157E-4	5.5019E-4	4.1394E-4	5.0602E-4	5.4216E-4	5.3536E-4	4.1749E-4	2.9378E-4	5.9471E-4	3.6861E-4	3.1867E-4	2.1051E-4	4.9375E-4	5.459E-4	5.0639E-4	4.7195E-4	3.769E-4	3.2969E-4	6.1017E-4	3.9869E-4	6.9766E-4	5.5143E-4	4.5523E-4	9.3549E-4	6.5619E-4	4.2021E-4	0.00145942	0.00154094	0.00132515	7.9232E-4	9.9532E-4	0.0011361	0.0012167
beauty_salon		4.435E-5	7.047E-5	5.022E-5	6.393E-5	4.567E-5	7.478E-5	4.194E-5	4.227E-5	4.259E-5	4.296E-5	2.557E-5	1.986E-5	2.29E-5	2.858E-5	2.416E-5	2.195E-5	1.682E-5	1.885E-5	2.936E-5	1.908E-5	3.861E-5	7.633E-5	8.811E-5	7.996E-5	3.478E-5	1.764E-5	1.197E-5	2.421E-5	1.577E-5	1.397E-5	1.69E-5	2.856E-5	9.7E-6	1.298E-5	2.067E-5	2.231E-5	2.559E-5	1.624E-5	1.175E-5	1.09E-5	1.568E-5	1.371E-5	1.988E-5	2.597E-5	3.344E-5	2.764E-5
arch		0.10924313	0.04372359	0.05571808	0.05232681	0.03649324	0.0244682	0.02024785	0.02310621	0.0266762	0.03070528	0.02852192	0.02426949	0.02592679	0.02368971	0.02393244	0.02231146	0.02333301	0.01671776	0.01576613	0.02375918	0.0401652	0.05531853	0.05282758	0.04955798	0.07701281	0.03886523	0.03607225	0.02042049	0.01655704	0.02760124	0.01882555	0.02244043	0.02214161	0.03792494	0.03879294	0.02754363	0.01368616	0.01993668	0.02340438	0.02096234	0.03071445	0.02299109	0.01409353	0.01810995	0.01282071	0.01588362
river		0.0010845	7.0422E-4	0.00254001	0.00123139	7.0404E-4	6.9932E-4	7.6975E-4	8.701E-4	0.00104969	6.3071E-4	0.00143144	0.00155182	0.00135984	0.00113071	8.1529E-4	0.0012093	0.00194554	9.7348E-4	6.2874E-4	0.00147936	0.00145498	0.00345336	0.00228228	0.00219771	0.00132319	0.00114796	0.00282764	0.00192581	0.00128373	0.00123656	0.00108984	0.00159047	8.4885E-4	6.7044E-4	9.3139E-4	8.9463E-4	0.00112904	5.2392E-4	4.1385E-4	0.00222672	0.00313988	0.0030391	0.00126392	0.0041821	0.00221842	0.00369051
home_office		1.103E-5	1.452E-5	1.423E-5	2.441E-5	3.736E-5	4.256E-5	6.103E-5	3.204E-5	3.646E-5	2.749E-5	2.112E-5	2.044E-5	1.399E-5	1.427E-5	1.603E-5	1.778E-5	3.024E-5	1.92E-5	1.581E-5	1.305E-5	1.628E-5	6.42E-5	1.0119E-4	1.3949E-4	4.597E-5	1.469E-5	9.72E-6	3.505E-5	2.058E-5	2.003E-5	2.491E-5	6.029E-5	1.463E-5	1.745E-5	3.745E-5	4.302E-5	3.995E-5	1.266E-5	9.2E-6	8.73E-6	7.32E-6	8.45E-6	1.657E-5	2.075E-5	4.878E-5	2.658E-5
castle		0.07761315	0.06019242	0.07676963	0.09864437	0.09730325	0.11420698	0.10273614	0.13016222	0.10945708	0.09972853	0.12772195	0.10363441	0.09936079	0.09763166	0.09674267	0.11659731	0.13850692	0.15974942	0.14001249	0.16664657	0.1269027	0.0916824	0.11639892	0.1197246	0.13607065	0.15224355	0.15238498	0.1472032	0.1494294	0.12022321	0.16252927	0.13929087	0.127768	0.10747136	0.11057821	0.14285938	0.22644767	0.16951005	0.1031331	0.12188963	0.12470475	0.11154839	0.09304424	0.08980102	0.09382471	0.08953297
slum		0.02474244	0.02281565	0.01090892	0.01415971	0.01642834	0.02590724	0.02877831	0.02888031	0.02433177	0.01129771	0.01081304	0.06204274	0.01522587	0.02010654	0.02450488	0.11892779	0.08255118	0.08861045	0.06723869	0.0290396	0.03917129	0.10175176	0.07151867	0.07219159	0.01794513	0.00827019	0.00540305	0.0391284	0.02794848	0.01711365	0.02824369	0.03636634	0.01271319	0.00922026	0.00868689	0.00808208	0.01766417	0.00499059	0.01008497	0.01413424	0.01315432	0.01875108	0.0178908	0.01469492	0.02099131	0.03006286
corn_field		3.278E-5	3.303E-5	2.469E-5	4.937E-5	2.215E-5	2.308E-5	1.681E-5	1.926E-5	1.604E-5	3.009E-5	2.221E-5	1.81E-5	1.411E-5	1.907E-5	1.449E-5	2.346E-5	2.915E-5	2.701E-5	4.064E-5	2.554E-5	2.514E-5	3.103E-5	2.545E-5	4.101E-5	2.514E-5	4.283E-5	6.635E-5	4.495E-5	4.149E-5	6.343E-5	5.806E-5	5.28E-5	4.4E-5	4.057E-5	2.816E-5	2.992E-5	4.644E-5	3.25E-5	6.075E-5	1.1412E-4	7.642E-5	6.695E-5	7.994E-5	1.7542E-4	1.9765E-4	2.3042E-4
swimming_pool_outdoor		3.869E-5	3.851E-5	2.636E-5	3.338E-5	4.594E-5	4.141E-5	7.03E-5	7.012E-5	6.589E-5	5.108E-5	5.945E-5	3.569E-5	3.329E-5	3.931E-5	3.241E-5	3.795E-5	5.673E-5	4.95E-5	6.992E-5	8.424E-5	5.927E-5	1.296E-4	7.517E-5	8.876E-5	3.712E-5	4.185E-5	5.221E-5	1.0985E-4	5.638E-5	3.593E-5	1.0784E-4	8.727E-5	5.365E-5	2.604E-5	3.418E-5	2.796E-5	3.891E-5	2.932E-5	3.194E-5	1.3336E-4	1.5918E-4	7.011E-5	3.977E-5	4.383E-5	4.056E-5	3.735E-5
igloo		1.1091E-4	1.0872E-4	1.3153E-4	2.1952E-4	2.5854E-4	2.5194E-4	4.0762E-4	3.8531E-4	3.6409E-4	3.6505E-4	3.7403E-4	1.9566E-4	3.1378E-4	5.3477E-4	4.8133E-4	4.472E-4	5.6736E-4	5.7014E-4	7.9941E-4	0.00102219	9.3281E-4	0.00159232	0.00120196	6.2165E-4	4.5931E-4	2.9849E-4	3.5763E-4	5.1833E-4	4.6477E-4	2.819E-4	2.9478E-4	3.3191E-4	6.1514E-4	5.3126E-4	0.00109132	0.00115786	0.00218938	0.00292965	0.00154211	6.101E-4	0.00120758	9.939E-4	0.00169184	7.5245E-4	6.1867E-4	0.00114508
excavation		5.6951E-4	7.5749E-4	7.514E-4	0.0021694	0.00238886	0.00168028	0.00222792	0.00171613	7.4962E-4	9.8536E-4	7.9003E-4	6.7679E-4	5.1659E-4	7.3933E-4	6.2219E-4	9.1355E-4	9.6326E-4	7.0605E-4	4.8595E-4	6.1071E-4	7.0606E-4	0.00145309	0.00143168	0.00187375	0.00124145	5.1355E-4	5.8281E-4	0.00303759	0.00139282	0.00125603	0.00149479	0.0025025	0.00129529	0.00114656	0.00119146	9.3906E-4	0.00247244	0.00173248	0.00206553	0.00183115	0.00115814	0.00149119	0.00312558	0.00120752	8.6374E-4	5.4105E-4
highway		0.00174035	0.00272871	9.8075E-4	0.00112132	6.2783E-4	6.1078E-4	5.9458E-4	3.3691E-4	2.3451E-4	3.7466E-4	2.4373E-4	2.6128E-4	3.8992E-4	1.7108E-4	1.6605E-4	1.2168E-4	1.2546E-4	1.0441E-4	2.0587E-4	2.8951E-4	4.4624E-4	8.335E-4	7.4803E-4	7.2894E-4	6.3905E-4	2.7655E-4	1.6835E-4	4.6764E-4	3.4029E-4	2.7478E-4	2.5286E-4	3.7267E-4	1.6147E-4	1.6948E-4	2.8657E-4	1.4564E-4	1.3264E-4	8.566E-5	3.9023E-4	2.5758E-4	6.6199E-4	8.4055E-4	0.00142878	0.00246391	0.00221083	0.00427334
ruin		0.01831333	0.01741025	0.02297747	0.04965283	0.02561712	0.0341448	0.02175269	0.03071965	0.0404839	0.03238887	0.04339297	0.08265413	0.07586967	0.1076408	0.20833708	0.18813378	0.22270365	0.2502564	0.24883904	0.18521804	0.15261094	0.14684653	0.09960122	0.0644866	0.107057	0.1696657	0.18159047	0.26533106	0.18214786	0.31039214	0.22997557	0.1791387	0.23660447	0.1800022	0.18961948	0.19789366	0.342784	0.15657209	0.23589523	0.19601339	0.29887238	0.14602832	0.1215449	0.08802544	0.09094872	0.073652
hotel_room		6.11E-6	6.08E-6	6.84E-6	1.0E-5	1.413E-5	1.291E-5	1.286E-5	1.17E-5	1.448E-5	1.252E-5	7.69E-6	7.41E-6	6.31E-6	7.41E-6	7.86E-6	1.052E-5	2.005E-5	1.201E-5	2.607E-5	2.623E-5	5.914E-5	5.084E-5	2.747E-5	1.744E-5	1.292E-5	1.521E-5	9.74E-6	1.484E-5	1.584E-5	8.22E-6	1.076E-5	1.341E-5	1.377E-5	1.109E-5	2.049E-5	2.973E-5	4.041E-5	2.639E-5	3.298E-5	2.019E-5	1.816E-5	1.81E-5	4.406E-5	5.873E-5	1.9344E-4	1.503E-4
palace		0.15397759	0.2125125	0.18889819	0.1958809	0.1357057	0.15037766	0.13158381	0.11326822	0.12102808	0.11535554	0.12499744	0.12984958	0.15266237	0.16370107	0.18378556	0.17304347	0.21876714	0.17132525	0.14188413	0.20947382	0.16019624	0.15805906	0.1660541	0.15735061	0.13868232	0.19717497	0.17000093	0.14730261	0.17634962	0.17732857	0.19021739	0.21364759	0.22258498	0.2380943	0.25691313	0.26670957	0.24398552	0.25677708	0.31207776	0.36224815	0.1841537	0.20117128	0.27906865	0.22387393	0.26919675	0.307462
game_room		3.209E-5	2.891E-5	2.403E-5	2.88E-5	3.705E-5	3.717E-5	4.59E-5	3.411E-5	3.896E-5	4.573E-5	2.664E-5	2.93E-5	3.472E-5	3.274E-5	2.2E-5	3.126E-5	3.864E-5	4.935E-5	3.657E-5	2.647E-5	2.361E-5	7.768E-5	8.783E-5	8.243E-5	3.876E-5	2.787E-5	2.877E-5	3.862E-5	2.221E-5	2.861E-5	2.035E-5	2.962E-5	1.921E-5	2.292E-5	2.501E-5	3.103E-5	2.864E-5	1.997E-5	1.402E-5	2.098E-5	2.481E-5	1.338E-5	1.688E-5	2.19E-5	3.503E-5	3.084E-5
desert_sand		8.187E-5	1.4787E-4	8.311E-5	1.8696E-4	3.4201E-4	1.9535E-4	2.3956E-4	1.2487E-4	8.894E-5	1.0965E-4	1.0461E-4	1.5085E-4	1.193E-4	1.9635E-4	2.2366E-4	2.7865E-4	2.7697E-4	1.6824E-4	3.1475E-4	2.0754E-4	7.875E-5	9.367E-5	1.9134E-4	3.999E-4	2.0271E-4	8.484E-5	1.0795E-4	4.3596E-4	2.2601E-4	2.3013E-4	2.7335E-4	5.3782E-4	4.0835E-4	2.3007E-4	2.3426E-4	2.0774E-4	2.4097E-4	8.682E-5	8.573E-5	1.2668E-4	1.8859E-4	7.38E-5	1.0701E-4	1.9705E-4	1.9689E-4	2.0996E-4
market_outdoor		2.1022E-4	2.0301E-4	1.7347E-4	2.5808E-4	2.8482E-4	4.1948E-4	3.9428E-4	3.0453E-4	2.2625E-4	3.0056E-4	3.6346E-4	2.7272E-4	5.7319E-4	5.7906E-4	3.9759E-4	4.8977E-4	3.5585E-4	3.7013E-4	3.7786E-4	4.8934E-4	8.3387E-4	0.00157068	0.00118723	0.0017744	0.0010514	0.00119683	0.00150229	0.00182752	0.00142608	9.2451E-4	0.00277892	0.00237323	0.00106422	7.79E-4	3.6504E-4	2.6574E-4	2.24E-4	7.177E-5	7.258E-5	2.0955E-4	1.4494E-4	1.2675E-4	2.6307E-4	2.2859E-4	1.3858E-4	1.6419E-4
gift_shop		1.2452E-4	1.6237E-4	1.2434E-4	1.4963E-4	1.232E-4	2.0988E-4	1.4924E-4	1.3047E-4	1.3217E-4	1.3329E-4	8.364E-5	5.747E-5	5.982E-5	1.0366E-4	9.821E-5	1.071E-4	1.0129E-4	1.2694E-4	1.6098E-4	1.2519E-4	2.8152E-4	6.1432E-4	7.4814E-4	5.9639E-4	2.7049E-4	1.1802E-4	6.984E-5	1.0776E-4	7.066E-5	6.258E-5	7.286E-5	1.0232E-4	4.009E-5	4.473E-5	6.726E-5	5.911E-5	5.956E-5	2.13E-5	2.371E-5	2.449E-5	3.716E-5	3.931E-5	4.882E-5	3.384E-5	6.381E-5	4.392E-5
temple_east_asia		3.4184E-4	5.1285E-4	4.2122E-4	4.7632E-4	4.5309E-4	5.9442E-4	4.2802E-4	4.9328E-4	4.1064E-4	6.6924E-4	7.9144E-4	0.00109993	7.7984E-4	0.00331511	9.699E-4	7.1147E-4	0.00138541	0.00121739	0.00107196	0.00108647	0.00129455	0.00110374	6.4384E-4	0.00113165	9.3353E-4	6.6163E-4	7.3011E-4	9.6738E-4	6.5852E-4	0.00113469	0.00109556	9.5232E-4	0.00262851	0.00215959	0.00617184	0.00734573	0.00411293	0.02050406	0.01313833	0.01349299	0.00640018	0.00838429	0.00220522	0.00241305	0.0047777	0.00281683
amusement_park		0.00160722	0.00137378	8.223E-4	0.00100905	4.1655E-4	6.3001E-4	8.0866E-4	5.3166E-4	4.2298E-4	7.7001E-4	4.7408E-4	2.4709E-4	3.3623E-4	4.2758E-4	1.8274E-4	2.2988E-4	9.0266E-4	3.5837E-4	5.7682E-4	3.2844E-4	4.7931E-4	5.0235E-4	4.122E-4	6.2602E-4	3.3101E-4	4.0801E-4	5.5938E-4	4.1729E-4	3.1729E-4	3.9599E-4	6.1718E-4	7.4418E-4	3.093E-4	3.605E-4	2.6735E-4	3.0939E-4	3.758E-4	3.8306E-4	9.913E-4	0.00298774	0.00214791	0.00281384	0.00123831	0.00330383	0.00158438	0.00398225
laundromat		1.3842E-4	1.82E-4	1.2447E-4	1.5543E-4	7.972E-5	1.2258E-4	6.945E-5	9.888E-5	9.028E-5	8.953E-5	5.57E-5	4.011E-5	3.585E-5	4.017E-5	3.301E-5	2.94E-5	2.067E-5	2.307E-5	2.822E-5	3.256E-5	3.848E-5	6.377E-5	5.16E-5	5.827E-5	4.292E-5	1.923E-5	1.89E-5	2.217E-5	1.332E-5	1.171E-5	1.358E-5	2.115E-5	9.51E-6	1.266E-5	2.186E-5	2.174E-5	2.786E-5	1.67E-5	1.824E-5	1.249E-5	1.615E-5	1.06E-5	1.953E-5	2.041E-5	1.667E-5	3.513E-5
ocean		2.941E-5	2.993E-5	3.222E-5	5.997E-5	7.168E-5	5.555E-5	6.343E-5	7.566E-5	6.334E-5	4.43E-5	2.992E-5	2.546E-5	3.562E-5	2.487E-5	3.432E-5	2.623E-5	4.625E-5	3.663E-5	3.94E-5	5.111E-5	4.856E-5	9.832E-5	6.705E-5	9.561E-5	3.899E-5	3.473E-5	8.264E-5	1.1023E-4	7.885E-5	4.801E-5	6.901E-5	6.9E-5	4.269E-5	3.364E-5	6.098E-5	4.372E-5	6.818E-5	4.505E-5	8.848E-5	2.635E-4	3.054E-4	9.588E-5	4.624E-5	1.2588E-4	1.1375E-4	1.5664E-4
ballroom		1.0431E-4	1.0251E-4	1.2132E-4	9.226E-5	1.329E-4	9.334E-5	1.0375E-4	1.101E-4	1.1592E-4	1.2625E-4	7.978E-5	1.0937E-4	1.1798E-4	1.0754E-4	1.1639E-4	9.184E-5	1.5132E-4	1.3203E-4	1.22E-4	1.159E-4	2.2596E-4	3.0627E-4	3.6549E-4	1.0856E-4	1.4379E-4	2.1088E-4	6.8564E-4	4.2578E-4	0.00111505	2.9986E-4	6.2536E-4	8.4173E-4	5.7809E-4	6.067E-4	7.8536E-4	5.5118E-4	5.5667E-4	3.2733E-4	2.1618E-4	1.1301E-4	4.514E-5	8.769E-5	1.159E-4	2.1098E-4	4.1531E-4	2.1157E-4
basement		0.00132303	0.00113903	5.7402E-4	6.4031E-4	6.818E-4	0.00109573	5.7477E-4	6.9124E-4	9.1993E-4	3.7601E-4	3.8619E-4	8.7418E-4	4.8411E-4	9.0907E-4	0.0036788	0.01489804	0.01504417	0.02047581	0.0540687	0.0199774	0.02046461	0.00665839	0.00563987	0.00151607	0.00338533	0.00725213	0.00515253	0.01171057	0.00555675	0.00343279	0.00704428	0.0071179	0.00477659	0.00572129	0.00448154	0.00937	0.01104282	0.00307864	0.00305501	0.00245906	0.005961	0.00101092	0.00183777	0.00205536	0.00430891	0.00464283
auditorium		1.3443E-4	8.178E-5	1.1109E-4	1.4638E-4	1.7298E-4	9.133E-5	1.5598E-4	1.4084E-4	2.2721E-4	3.5288E-4	1.7232E-4	1.0597E-4	7.462E-5	9.348E-5	9.442E-5	1.5265E-4	1.8447E-4	1.9566E-4	2.2564E-4	2.3324E-4	2.0735E-4	1.8166E-4	1.8584E-4	1.8437E-4	2.1711E-4	2.4328E-4	3.0459E-4	1.4989E-4	1.9887E-4	3.6064E-4	3.1823E-4	2.5681E-4	2.7183E-4	1.8845E-4	2.4154E-4	2.9171E-4	3.2524E-4	1.1712E-4	1.6061E-4	2.1008E-4	1.8607E-4	1.1327E-4	1.0406E-4	1.5755E-4	2.5055E-4	2.5452E-4
crevasse		1.266E-5	1.876E-5	1.79E-5	3.241E-5	3.962E-5	4.137E-5	4.696E-5	3.745E-5	2.693E-5	2.994E-5	1.918E-5	9.01E-6	1.035E-5	1.629E-5	1.494E-5	2.02E-5	1.85E-5	1.555E-5	2.539E-5	3.061E-5	3.599E-5	3.774E-5	4.892E-5	4.343E-5	2.215E-5	1.412E-5	1.331E-5	2.448E-5	1.471E-5	1.328E-5	1.772E-5	2.139E-5	1.867E-5	1.106E-5	1.789E-5	1.302E-5	1.801E-5	1.188E-5	8.99E-6	6.98E-6	8.65E-6	1.115E-5	9.51E-6	7.27E-6	2.762E-5	4.039E-5
office_building		0.0553131	0.05746974	0.06102422	0.05310035	0.03169433	0.03719946	0.02803151	0.0259271	0.02675632	0.03580239	0.03058705	0.02381617	0.02725811	0.02010596	0.02318073	0.0117827	0.02167356	0.02089484	0.01868833	0.0201226	0.02133669	0.02117268	0.02034556	0.01458928	0.01390967	0.01673855	0.02519901	0.0234729	0.03684818	0.02395723	0.01831376	0.04808185	0.02326583	0.04250084	0.031637	0.02140312	0.01576601	0.0122494	0.02186769	0.02466239	0.03763337	0.02210579	0.02080094	0.03551082	0.02739615	0.01932703
ice_skating_rink_outdoor		2.1427E-4	1.5662E-4	3.159E-4	2.2878E-4	2.096E-4	2.1062E-4	3.7556E-4	1.698E-4	1.1617E-4	2.4984E-4	1.3125E-4	1.2426E-4	2.5963E-4	2.1987E-4	1.0226E-4	1.453E-4	1.3573E-4	2.2612E-4	5.4129E-4	5.6839E-4	6.2491E-4	9.9217E-4	4.9129E-4	2.8007E-4	2.8655E-4	3.8325E-4	7.4785E-4	3.8294E-4	3.6885E-4	1.9196E-4	2.5848E-4	1.7857E-4	2.3027E-4	3.1776E-4	1.3235E-4	1.2909E-4	1.3409E-4	1.6076E-4	1.3846E-4	1.3484E-4	1.2112E-4	2.6897E-4	2.2524E-4	1.9745E-4	2.3527E-4	1.7739E-4
television_studio		3.185E-5	4.053E-5	4.586E-5	5.699E-5	5.911E-5	7.304E-5	8.36E-5	6.558E-5	5.944E-5	8.45E-5	5.181E-5	5.176E-5	9.143E-5	6.53E-5	3.99E-5	5.024E-5	4.772E-5	6.096E-5	7.413E-5	6.735E-5	8.0E-5	1.6809E-4	1.5206E-4	1.5417E-4	8.267E-5	5.867E-5	5.353E-5	9.128E-5	6.228E-5	4.249E-5	6.104E-5	9.369E-5	3.011E-5	5.137E-5	3.345E-5	4.179E-5	3.679E-5	2.374E-5	3.381E-5	4.239E-5	3.111E-5	4.131E-5	6.263E-5	9.836E-5	1.1228E-4	1.0579E-4
clothing_store		1.6375E-4	1.9382E-4	1.3813E-4	1.6998E-4	9.45E-5	1.7434E-4	9.339E-5	9.71E-5	7.313E-5	9.608E-5	5.12E-5	3.263E-5	4.634E-5	5.655E-5	5.521E-5	5.127E-5	3.776E-5	3.673E-5	5.893E-5	6.494E-5	1.2012E-4	1.7846E-4	1.6414E-4	2.1546E-4	1.1844E-4	6.213E-5	4.101E-5	6.406E-5	4.255E-5	4.113E-5	5.738E-5	9.842E-5	3.66E-5	4.85E-5	5.194E-5	5.015E-5	5.969E-5	3.792E-5	3.922E-5	3.798E-5	3.679E-5	3.994E-5	2.966E-5	2.559E-5	7.285E-5	5.609E-5
stage_indoor		9.075E-5	5.778E-5	7.59E-5	6.555E-5	7.212E-5	6.351E-5	8.106E-5	6.581E-5	7.176E-5	1.2308E-4	7.164E-5	2.981E-5	3.886E-5	5.002E-5	2.424E-5	3.765E-5	7.404E-5	5.019E-5	5.366E-5	5.266E-5	6.572E-5	6.078E-5	5.34E-5	6.289E-5	5.269E-5	6.441E-5	8.816E-5	4.837E-5	6.304E-5	7.101E-5	7.072E-5	7.671E-5	5.538E-5	5.354E-5	4.505E-5	5.749E-5	5.398E-5	4.107E-5	4.567E-5	4.232E-5	3.097E-5	3.082E-5	3.599E-5	4.632E-5	8.308E-5	1.047E-4
rock_arch		3.208E-5	4.876E-5	3.067E-5	5.252E-5	8.201E-5	5.979E-5	5.944E-5	3.502E-5	3.132E-5	2.586E-5	4.127E-5	3.903E-5	3.443E-5	4.473E-5	4.85E-5	4.477E-5	7.195E-5	6.112E-5	8.772E-5	9.575E-5	9.717E-5	1.5175E-4	8.372E-5	1.132E-4	5.962E-5	1.0407E-4	7.115E-5	1.0581E-4	1.0964E-4	9.957E-5	1.0699E-4	7.077E-5	1.0213E-4	5.298E-5	1.0301E-4	9.339E-5	2.1679E-4	1.3239E-4	1.5781E-4	1.3791E-4	5.7092E-4	3.595E-4	2.0111E-4	1.0496E-4	6.1657E-4	8.6283E-4
aqueduct		0.00396416	0.00462866	0.0039661	0.00516599	0.00402601	0.00253254	0.00393641	0.00539597	0.01112911	0.00742951	0.01114084	0.01148981	0.00569112	0.00393081	0.00359117	0.00656783	0.00632596	0.00794952	0.00537803	0.00754938	0.00574882	0.01270109	0.0173819	0.02021632	0.01602296	0.03226731	0.0282726	0.02909608	0.03428206	0.0484275	0.02790452	0.01412627	0.02583038	0.02140033	0.0436401	0.03253204	0.01219343	0.00957276	0.01680482	0.07394753	0.1543095	0.24792005	0.08152112	0.12441444	0.03157844	0.05059858
temple_south_asia		2.2227E-4	3.245E-4	3.0549E-4	3.5289E-4	3.5234E-4	2.7481E-4	3.1638E-4	3.3326E-4	3.7548E-4	5.6513E-4	8.8779E-4	0.00146749	0.00102437	0.0021601	0.00194679	0.00202418	0.00381029	0.00310597	0.00227866	0.00187418	0.0020981	0.00158217	0.00151049	8.6489E-4	9.9876E-4	0.0026729	0.00198244	0.00272735	0.00187426	0.00295153	0.00270953	0.00187651	0.0027592	0.00188331	0.00628216	0.00636979	0.003782	0.01554957	0.01134476	0.01414604	0.00703681	0.00926066	0.00241774	0.00361518	0.01749825	0.01183166
watering_hole		1.245E-5	1.419E-5	1.952E-5	2.317E-5	3.198E-5	2.691E-5	2.983E-5	3.226E-5	2.862E-5	1.972E-5	1.379E-5	1.164E-5	1.467E-5	1.945E-5	1.515E-5	1.405E-5	2.241E-5	2.747E-5	2.536E-5	2.634E-5	1.978E-5	4.706E-5	3.1E-5	3.123E-5	2.532E-5	1.687E-5	5.03E-5	5.366E-5	3.094E-5	2.31E-5	3.169E-5	4.478E-5	2.634E-5	2.326E-5	3.671E-5	3.623E-5	8.449E-5	4.24E-5	7.186E-5	1.6365E-4	2.25E-4	2.9369E-4	3.345E-4	1.6118E-4	3.022E-4	3.0361E-4
reception		9.17E-6	7.38E-6	9.68E-6	1.102E-5	1.494E-5	1.331E-5	1.993E-5	1.784E-5	1.782E-5	1.521E-5	1.033E-5	1.002E-5	1.236E-5	1.043E-5	8.21E-6	7.51E-6	1.042E-5	8.88E-6	8.51E-6	7.48E-6	1.257E-5	2.22E-5	2.159E-5	2.781E-5	1.561E-5	7.84E-6	8.49E-6	1.694E-5	1.318E-5	9.35E-6	1.448E-5	1.553E-5	2.111E-5	2.388E-5	3.313E-5	3.895E-5	3.436E-5	1.842E-5	1.433E-5	9.11E-6	1.004E-5	9.92E-6	1.16E-5	1.585E-5	1.839E-5	1.115E-5
pasture		2.5366E-4	2.7641E-4	2.291E-4	4.9488E-4	2.6959E-4	3.888E-4	3.3618E-4	1.9024E-4	1.5741E-4	3.0185E-4	2.7345E-4	1.8636E-4	1.6926E-4	2.7088E-4	2.0638E-4	1.9228E-4	2.3269E-4	2.115E-4	5.063E-4	2.2515E-4	2.4152E-4	3.4822E-4	3.4674E-4	6.0109E-4	3.7412E-4	8.1195E-4	0.00126127	8.437E-4	0.00111591	0.00186852	8.9502E-4	0.00114764	7.0722E-4	8.9379E-4	9.4699E-4	8.0593E-4	9.6625E-4	7.1825E-4	0.00106228	0.00105326	0.00237922	0.00123059	7.0684E-4	0.00224727	0.00162878	0.00330981
mansion		0.14714271	0.19368456	0.15679145	0.08972649	0.12432522	0.10670347	0.11855978	0.08266287	0.08024924	0.05438446	0.08245104	0.0736796	0.08691337	0.07234617	0.10850041	0.10911186	0.12822132	0.15634164	0.12288097	0.1434505	0.14584316	0.13293812	0.14186735	0.0915079	0.08707487	0.09086014	0.11130469	0.08866533	0.12038841	0.11574285	0.11723828	0.12715362	0.14537233	0.150484	0.12626947	0.12162628	0.08336155	0.10398634	0.10021584	0.09578867	0.08504845	0.05442635	0.06983651	0.05908126	0.11238617	0.13389768
field_cultivated		2.3649E-4	2.6792E-4	2.2757E-4	4.1449E-4	2.0968E-4	1.6876E-4	1.6999E-4	1.3702E-4	8.767E-5	1.6074E-4	1.7982E-4	1.6257E-4	1.0273E-4	1.8808E-4	1.1873E-4	1.2291E-4	1.8349E-4	1.6696E-4	2.7436E-4	1.4505E-4	1.5188E-4	1.9311E-4	1.9016E-4	3.387E-4	2.113E-4	4.2479E-4	6.3548E-4	5.1368E-4	5.622E-4	6.9917E-4	5.9533E-4	7.0278E-4	4.9293E-4	5.0675E-4	4.6483E-4	4.0508E-4	6.2017E-4	4.0208E-4	7.5532E-4	9.686E-4	0.0011789	8.9746E-4	5.8998E-4	0.0012453	9.3206E-4	0.00104638
racecourse		0.05288265	0.0138605	0.02090856	0.02047731	0.01010715	0.01944323	0.00906111	0.00398107	0.00222744	0.00554892	0.00206866	8.4731E-4	0.0018554	0.00509869	0.00149412	0.00209796	0.00663674	0.00523768	0.00728206	0.00348631	0.00741594	0.01116345	0.00415661	0.00875901	0.00461478	0.00610773	0.01169046	0.00683502	0.00632124	0.00776818	0.00497259	0.00826339	0.00500797	0.01119455	0.00858383	0.00691362	0.01364519	0.00354201	0.00373203	0.0050715	0.00758981	0.00662813	0.00351227	0.00430579	0.00702655	0.0062214
butchers_shop		1.8156E-4	2.1732E-4	1.3095E-4	1.8254E-4	1.02E-4	1.6866E-4	1.2571E-4	1.2341E-4	8.88E-5	1.049E-4	5.713E-5	6.377E-5	3.837E-5	6.494E-5	5.854E-5	5.524E-5	7.902E-5	6.743E-5	1.3714E-4	1.2754E-4	1.4692E-4	2.3526E-4	1.6786E-4	1.6304E-4	9.784E-5	4.267E-5	2.586E-5	4.991E-5	2.802E-5	2.49E-5	3.527E-5	4.787E-5	1.745E-5	3.483E-5	3.404E-5	3.124E-5	4.292E-5	4.12E-5	3.121E-5	5.525E-5	4.581E-5	2.884E-5	4.447E-5	3.387E-5	6.303E-5	5.562E-5
aquarium		9.86E-6	1.913E-5	1.593E-5	2.533E-5	2.678E-5	3.019E-5	3.126E-5	3.512E-5	2.687E-5	2.195E-5	1.338E-5	1.313E-5	1.742E-5	2.078E-5	1.286E-5	1.351E-5	2.143E-5	2.057E-5	2.105E-5	3.328E-5	3.102E-5	5.722E-5	4.668E-5	4.623E-5	3.032E-5	2.004E-5	2.297E-5	4.1E-5	2.112E-5	1.414E-5	2.292E-5	2.625E-5	1.412E-5	1.087E-5	1.832E-5	2.017E-5	4.085E-5	3.496E-5	2.593E-5	3.242E-5	8.316E-5	6.869E-5	1.5714E-4	1.0723E-4	1.978E-4	2.1105E-4
bedroom		6.78E-6	6.19E-6	7.25E-6	1.135E-5	1.756E-5	1.437E-5	1.857E-5	1.512E-5	1.699E-5	1.414E-5	8.39E-6	7.61E-6	8.14E-6	1.504E-5	2.517E-5	3.866E-5	9.329E-5	5.745E-5	1.8725E-4	1.4705E-4	2.8866E-4	1.6003E-4	8.121E-5	5.349E-5	3.752E-5	2.278E-5	1.194E-5	2.741E-5	1.586E-5	1.323E-5	1.164E-5	2.684E-5	1.914E-5	1.811E-5	3.339E-5	5.054E-5	9.279E-5	4.503E-5	6.645E-5	4.69E-5	5.141E-5	3.66E-5	9.628E-5	8.779E-5	3.5364E-4	2.4374E-4
yard 		0.00948406	0.01040731	0.01039427	0.00605781	0.00663515	0.00713546	0.00632546	0.00538623	0.00467784	0.00471522	0.00467281	0.00471523	0.00456053	0.00677117	0.00862346	0.01080116	0.0090066	0.01367369	0.02809738	0.02915677	0.01019954	0.00647734	0.00841533	0.00530903	0.00439929	0.00378864	0.00789809	0.00694974	0.01237324	0.01078572	0.01337059	0.01317259	0.01227066	0.01140711	0.01010999	0.01334917	0.01189699	0.02723604	0.0438002	0.05099711	0.03146368	0.03280793	0.06406711	0.06402542	0.04249421	0.07748584
hospital_room		5.77E-5	7.156E-5	8.742E-5	6.629E-5	7.941E-5	9.007E-5	7.11E-5	9.946E-5	8.865E-5	6.997E-5	4.992E-5	3.667E-5	4.068E-5	4.077E-5	3.471E-5	4.689E-5	6.56E-5	5.103E-5	8.635E-5	9.084E-5	9.927E-5	7.648E-5	7.173E-5	6.946E-5	4.283E-5	3.421E-5	3.509E-5	5.005E-5	5.68E-5	2.558E-5	6.075E-5	6.26E-5	4.189E-5	4.31E-5	4.691E-5	6.221E-5	5.834E-5	4.182E-5	3.918E-5	3.845E-5	3.128E-5	3.377E-5	5.618E-5	4.941E-5	9.164E-5	8.64E-5
stadium_baseball		0.11239159	0.0557441	0.08510546	0.05382932	0.05099304	0.03134664	0.02616856	0.01665141	0.01004078	0.01919687	0.01001179	0.00450749	0.00402936	0.01420682	0.00387927	0.00791868	0.0174159	0.00958539	0.01016275	0.00843314	0.01568457	0.01027793	0.00443135	0.01348511	0.00664593	0.00712747	0.02102606	0.00426218	0.00729143	0.01089024	0.01629437	0.01644479	0.01191347	0.01135204	0.00822074	0.00563502	0.00791922	0.00197704	0.00155856	0.00429084	0.00472393	0.00285204	0.00123634	0.0012148	0.00257609	0.00378252
pulpit		1.75E-4	1.294E-4	2.037E-4	2.191E-4	2.2185E-4	1.7179E-4	1.8673E-4	3.3436E-4	1.5812E-4	1.4567E-4	1.6721E-4	3.7043E-4	4.8121E-4	8.2305E-4	0.00191721	0.00139108	0.00523423	0.00252826	0.00255337	0.00423166	0.03479844	0.00610215	0.00553655	0.00413947	0.00304679	0.00218291	0.00117399	8.6143E-4	7.3401E-4	0.00125682	9.8191E-4	0.00191943	0.0030356	0.00252871	0.0041063	0.00367154	0.00108693	7.6718E-4	0.00167593	8.1049E-4	8.2966E-4	8.076E-4	0.00107331	8.6193E-4	0.00219807	5.4824E-4
attic		6.724E-5	9.865E-5	6.666E-5	9.638E-5	1.1E-4	8.476E-5	1.1065E-4	6.148E-5	6.925E-5	6.309E-5	2.669E-5	5.478E-5	4.485E-5	9.004E-5	2.1408E-4	5.0605E-4	0.00101414	0.00118708	0.00378458	0.00295104	0.00219447	0.00166603	0.00127047	3.3226E-4	8.2406E-4	8.3822E-4	6.2522E-4	6.5358E-4	4.9865E-4	2.6137E-4	4.7036E-4	4.1793E-4	2.6002E-4	3.3875E-4	2.964E-4	5.4532E-4	8.5748E-4	3.1562E-4	2.9377E-4	2.1839E-4	5.6047E-4	1.3893E-4	1.9838E-4	1.4094E-4	4.5047E-4	4.6291E-4
dining_room		1.989E-5	1.795E-5	2.59E-5	2.93E-5	4.327E-5	4.224E-5	5.851E-5	4.353E-5	5.571E-5	4.788E-5	3.369E-5	3.507E-5	3.745E-5	4.494E-5	2.981E-5	3.718E-5	5.147E-5	4.081E-5	8.063E-5	5.334E-5	1.356E-4	1.0143E-4	9.237E-5	1.1164E-4	7.717E-5	2.796E-5	2.497E-5	5.648E-5	3.576E-5	2.721E-5	2.563E-5	5.486E-5	3.221E-5	3.313E-5	5.487E-5	7.134E-5	6.648E-5	4.69E-5	7.061E-5	4.8E-5	3.051E-5	4.355E-5	8.411E-5	1.6301E-4	1.886E-4	8.996E-5
inn_outdoor		0.01819104	0.02196625	0.01831192	0.01575698	0.01170668	0.01728895	0.01268931	0.01592841	0.01486527	0.01569312	0.01584321	0.01063736	0.01015276	0.01734342	0.02292443	0.01266667	0.01364679	0.01356526	0.02682752	0.02429043	0.04168097	0.02841711	0.02613195	0.01780771	0.01060526	0.01138641	0.01044171	0.00942017	0.01042968	0.00798055	0.00835023	0.01326718	0.01228142	0.01653003	0.01800054	0.02131194	0.0082376	0.02031212	0.02200641	0.01776095	0.0119431	0.00756121	0.00998772	0.00619246	0.00748746	0.00708174
campsite		3.109E-5	5.231E-5	3.646E-5	7.841E-5	8.621E-5	9.076E-5	9.89E-5	4.851E-5	3.118E-5	5.123E-5	4.836E-5	3.029E-5	4.744E-5	6.418E-5	3.204E-5	4.617E-5	4.804E-5	6.611E-5	1.0858E-4	1.399E-4	6.026E-5	9.485E-5	1.5699E-4	1.7484E-4	9.392E-5	5.805E-5	4.631E-5	1.575E-4	1.1729E-4	6.051E-5	1.2204E-4	3.7595E-4	1.4154E-4	7.512E-5	6.55E-5	4.326E-5	7.63E-5	7.578E-5	2.5945E-4	5.7561E-4	7.8597E-4	5.4812E-4	6.8654E-4	0.00546173	0.0023738	0.00505516
garbage_dump		7.8759E-4	0.00119691	5.9284E-4	8.5556E-4	8.3879E-4	0.00138885	0.00104759	0.00113082	8.5205E-4	5.8314E-4	5.6842E-4	0.00264797	9.7761E-4	0.00125598	0.0011281	0.00281124	0.00238733	0.00244144	0.00220301	0.00115005	0.00119495	0.00307289	0.00278594	0.00296859	0.00145795	5.9924E-4	5.0161E-4	0.00318378	0.00264849	7.3565E-4	9.6244E-4	0.00165719	7.9949E-4	5.6449E-4	5.1244E-4	4.0514E-4	8.6655E-4	3.9519E-4	8.8123E-4	7.7885E-4	6.9143E-4	9.1951E-4	9.0695E-4	4.331E-4	5.2703E-4	5.4139E-4
fountain		0.01291194	0.0136416	0.00712697	0.00703764	0.00717553	0.01018536	0.01161572	0.00840155	0.00463814	0.00520643	0.00661631	0.00524267	0.00977996	0.00523833	0.00609952	0.00473277	0.00605576	0.00472735	0.00298634	0.00523913	0.003442	0.00401916	0.0057352	0.00358934	0.00502443	0.005945	0.00609788	0.00685866	0.00518431	0.00592681	0.00712169	0.00515386	0.00568785	0.00617646	0.00484961	0.00648488	0.00785414	0.00644197	0.00873532	0.0069914	0.00925482	0.01190878	0.0125789	0.00851148	0.00905074	0.00371743
viaduct		0.00871969	0.00537004	0.00368274	0.00455261	0.00162014	0.00225895	0.00297563	0.00387771	0.0032867	0.00431521	0.00356201	0.00267995	0.00175533	0.00190944	9.8849E-4	0.00113009	0.00260002	0.00223383	0.00328736	0.00663532	0.00277669	0.00372021	0.00680105	0.00945875	0.00750427	0.00544845	0.00555597	0.00634255	0.00543081	0.00840769	0.01063775	0.00421241	0.0029274	0.00681712	0.00806724	0.00636366	0.00308069	0.00223593	0.00913622	0.02347158	0.03978949	0.05246133	0.02591341	0.04463818	0.01722836	0.05153625
corridor		9.6887E-4	5.978E-4	4.1735E-4	4.9855E-4	4.9059E-4	5.436E-4	2.5359E-4	4.2484E-4	0.00101383	7.0915E-4	5.7205E-4	7.975E-4	3.2614E-4	4.2886E-4	0.00129594	0.00268449	0.00260951	0.00319146	0.00624089	0.00399006	0.00580412	0.00261421	0.00185363	0.00102058	0.00598404	0.00629747	0.00944409	0.02061904	0.01018181	0.00797176	0.00935386	0.00826235	0.00570262	0.00548975	0.00450945	0.00210717	0.00151754	8.0244E-4	6.6953E-4	3.7762E-4	4.3505E-4	3.6567E-4	4.3536E-4	3.8695E-4	0.00315245	0.00185511
raft		1.542E-5	2.15E-5	2.821E-5	5.367E-5	5.944E-5	5.961E-5	6.663E-5	5.749E-5	4.979E-5	3.778E-5	3.599E-5	2.342E-5	2.884E-5	3.8E-5	2.215E-5	3.494E-5	3.568E-5	4.764E-5	4.077E-5	3.523E-5	2.994E-5	5.521E-5	3.801E-5	5.923E-5	4.398E-5	3.734E-5	4.647E-5	1.0743E-4	7.649E-5	3.974E-5	7.077E-5	6.654E-5	6.667E-5	3.081E-5	5.214E-5	5.09E-5	8.498E-5	3.539E-5	2.356E-5	3.756E-5	4.84E-5	4.43E-5	3.475E-5	3.173E-5	5.126E-5	7.803E-5
motel		0.02391189	0.03015054	0.01527039	0.01453792	0.00889011	0.01331836	0.00894799	0.01186298	0.00914467	0.00895175	0.00929612	0.00569445	0.00384404	0.00599059	0.00714196	0.0048342	0.00497997	0.00476884	0.01301892	0.00859937	0.01637386	0.02192997	0.02247237	0.01195903	0.00531953	0.00371619	0.00216167	0.00408674	0.00334898	0.00239797	0.00264486	0.00346036	0.00242504	0.00344352	0.00336142	0.00269382	0.00312976	0.00356068	0.01101009	0.0060469	0.00665757	0.00445875	0.0099839	0.00637337	0.00624077	0.01012726
forest_path		9.372E-5	8.213E-5	8.657E-5	9.752E-5	9.534E-5	1.0459E-4	1.1654E-4	1.1477E-4	1.0423E-4	1.3339E-4	2.2557E-4	1.4365E-4	1.1692E-4	1.3199E-4	2.3873E-4	4.1452E-4	5.8859E-4	0.00115622	0.00202192	0.00242364	7.6194E-4	4.2728E-4	2.8845E-4	2.0703E-4	2.8357E-4	4.9079E-4	4.5565E-4	0.00119713	0.00139464	5.3938E-4	5.3101E-4	8.0348E-4	3.0319E-4	3.1054E-4	3.1144E-4	4.7781E-4	0.00128711	0.00102551	0.00217147	0.00176236	0.00115305	0.00197589	0.00216607	0.00634575	0.02402254	0.06630672
living_room		2.462E-5	4.143E-5	4.151E-5	5.848E-5	8.304E-5	7.347E-5	1.0651E-4	8.277E-5	9.818E-5	7.513E-5	4.754E-5	4.88E-5	4.255E-5	4.785E-5	7.613E-5	1.3956E-4	2.4624E-4	1.8789E-4	2.9406E-4	1.7191E-4	4.1126E-4	3.5857E-4	3.1529E-4	2.6071E-4	1.2214E-4	5.678E-5	3.403E-5	7.712E-5	6.269E-5	3.909E-5	5.102E-5	8.374E-5	1.088E-4	8.269E-5	1.3621E-4	3.5757E-4	4.6502E-4	2.8528E-4	3.3028E-4	2.02E-4	2.111E-4	2.0036E-4	6.4318E-4	0.00101091	0.0012192	6.8515E-4
locker_room		1.2065E-4	1.566E-4	1.6735E-4	1.2016E-4	1.8601E-4	1.813E-4	1.168E-4	1.1949E-4	1.126E-4	7.89E-5	4.68E-5	5.576E-5	5.531E-5	6.762E-5	9.388E-5	1.4981E-4	2.1103E-4	1.0768E-4	1.514E-4	1.343E-4	1.2945E-4	7.895E-5	8.045E-5	8.284E-5	6.744E-5	1.7111E-4	2.7862E-4	4.8176E-4	7.0532E-4	1.2998E-4	3.612E-4	5.6437E-4	2.0489E-4	1.9603E-4	1.8464E-4	2.0293E-4	1.9633E-4	9.742E-5	8.164E-5	5.592E-5	4.712E-5	3.389E-5	3.771E-5	5.753E-5	1.2439E-4	1.5179E-4
restaurant_kitchen		1.629E-5	2.483E-5	1.718E-5	3.306E-5	3.037E-5	3.454E-5	4.533E-5	3.981E-5	3.091E-5	2.766E-5	1.555E-5	9.56E-6	1.453E-5	1.891E-5	1.83E-5	1.767E-5	1.978E-5	1.605E-5	1.459E-5	1.439E-5	1.914E-5	4.888E-5	3.885E-5	5.229E-5	2.692E-5	9.68E-6	7.75E-6	2.248E-5	1.077E-5	7.87E-6	8.95E-6	1.395E-5	7.54E-6	7.7E-6	1.163E-5	1.462E-5	1.844E-5	9.13E-6	8.58E-6	1.09E-5	1.555E-5	8.48E-6	1.03E-5	7.99E-6	1.068E-5	1.026E-5
sky		3.644E-4	5.2724E-4	5.3904E-4	6.7265E-4	0.00122524	0.00100099	7.4234E-4	6.8383E-4	6.4804E-4	5.9231E-4	5.1344E-4	5.9399E-4	6.9643E-4	4.7756E-4	5.6363E-4	5.3387E-4	6.3462E-4	6.9883E-4	6.2269E-4	8.7455E-4	6.8244E-4	6.9259E-4	7.0844E-4	6.6767E-4	5.9092E-4	6.55E-4	7.0216E-4	8.6603E-4	7.3147E-4	6.1241E-4	6.2033E-4	6.0566E-4	5.3424E-4	7.8585E-4	6.1858E-4	5.9797E-4	6.8928E-4	6.8393E-4	4.5972E-4	6.7146E-4	6.6536E-4	5.9804E-4	6.5329E-4	9.055E-4	0.00115442	0.00133041
boat_deck		4.804E-5	6.086E-5	6.47E-5	1.8999E-4	1.7821E-4	1.5205E-4	2.6593E-4	2.0731E-4	1.3145E-4	1.1664E-4	1.1078E-4	5.154E-5	7.071E-5	8.249E-5	6.019E-5	7.845E-5	6.735E-5	9.571E-5	7.792E-5	1.0549E-4	1.4377E-4	3.4464E-4	1.8593E-4	2.8179E-4	1.6281E-4	1.2168E-4	1.487E-4	2.8191E-4	2.0147E-4	1.2016E-4	3.3488E-4	2.0493E-4	7.876E-5	5.121E-5	8.564E-5	7.002E-5	1.8306E-4	7.338E-5	6.398E-5	1.1493E-4	8.687E-5	4.111E-5	3.604E-5	6.08E-5	3.429E-5	7.705E-5
hotel_outdoor		0.00280037	0.00405079	0.00389749	0.00391206	0.00342538	0.00435127	0.00343738	0.00371709	0.00336367	0.00417218	0.00487341	0.0033824	0.00395899	0.00479918	0.00525192	0.00442313	0.00523894	0.00486876	0.00680156	0.00637606	0.00860268	0.00724	0.00681613	0.00572728	0.00294249	0.00411255	0.00353366	0.00372355	0.00390037	0.00292177	0.00422819	0.00621134	0.00397535	0.00654538	0.00904546	0.00944129	0.00416077	0.0078921	0.00698935	0.00592786	0.00356472	0.00219165	0.00277999	0.00362291	0.00323164	0.0022477
chalet		0.00268209	0.00254034	0.00168093	0.00150176	0.00154789	0.00183652	0.00270294	0.00159709	0.00147623	0.00148683	0.00112682	4.6124E-4	4.6593E-4	9.2989E-4	0.00122463	0.0010103	0.0012274	0.0019488	0.00485576	0.00939529	0.00328632	0.00482642	0.00737858	0.00590983	0.00153675	0.00120157	7.0261E-4	0.0012111	6.4908E-4	9.8294E-4	0.00101781	0.00114316	0.00161616	0.00128427	0.00248935	0.00225012	0.00102321	0.00264157	0.00299942	0.00352064	0.00192213	9.5691E-4	0.00133546	8.581E-4	0.00101836	0.00130134
butte		7.245E-5	1.4735E-4	8.072E-5	1.3454E-4	2.0614E-4	1.7788E-4	1.8818E-4	1.001E-4	6.162E-5	8.695E-5	1.1919E-4	8.173E-5	1.0813E-4	1.5385E-4	1.1133E-4	7.157E-5	1.1641E-4	9.803E-5	1.808E-4	1.6104E-4	1.0605E-4	1.2938E-4	2.0777E-4	2.2122E-4	1.3044E-4	9.034E-5	1.1722E-4	1.6685E-4	2.4521E-4	1.6926E-4	1.3953E-4	3.103E-4	1.5199E-4	1.2774E-4	4.7472E-4	2.9107E-4	1.9392E-4	2.4594E-4	2.2441E-4	2.2922E-4	3.1601E-4	2.5262E-4	1.5728E-4	2.1243E-4	3.1314E-4	8.6564E-4
classroom		2.13E-5	3.575E-5	5.556E-5	5.098E-5	7.189E-5	6.767E-5	6.77E-5	6.46E-5	5.817E-5	5.005E-5	3.441E-5	5.517E-5	5.235E-5	7.859E-5	4.009E-5	5.517E-5	9.193E-5	9.036E-5	9.193E-5	5.583E-5	5.597E-5	1.5605E-4	1.3645E-4	1.2971E-4	7.642E-5	3.061E-5	3.029E-5	1.278E-4	5.934E-5	3.18E-5	6.709E-5	8.511E-5	5.723E-5	3.832E-5	5.237E-5	8.425E-5	1.1594E-4	5.895E-5	5.881E-5	4.573E-5	3.717E-5	2.444E-5	2.082E-5	4.48E-5	8.627E-5	8.975E-5
jail_cell		0.02938615	0.01930483	0.01417604	0.01425015	0.00938943	0.0116244	0.00582739	0.00968807	0.01248084	0.00960204	0.0053735	0.00797389	0.00472819	0.005968	0.01816201	0.05444431	0.05359218	0.04467874	0.08402035	0.05914535	0.08030344	0.04352396	0.02829599	0.01418406	0.02409126	0.09899481	0.07261561	0.09452599	0.06082256	0.03590337	0.14464214	0.12762244	0.07388395	0.05711908	0.04552819	0.0881207	0.04596728	0.01995197	0.01524133	0.01303783	0.03630242	0.00660392	0.00818721	0.00847877	0.0186839	0.02354978
medina		0.0025221	0.00331781	0.00209582	0.00430216	0.00569799	0.00442846	0.00778809	0.00573546	0.00782126	0.00527991	0.00425261	0.01265053	0.00497132	0.00384774	0.00311877	0.00488465	0.00492105	0.00315128	0.00360703	0.00350274	0.00472189	0.00590107	0.00557947	0.00779885	0.00374112	0.0058863	0.0047463	0.00837598	0.00483019	0.00447239	0.00749167	0.00754325	0.01143342	0.00512038	0.00428205	0.00404044	0.00397768	0.00168386	0.00184208	0.00205629	0.00185018	0.00136903	0.00279883	0.00213148	0.00206619	0.00298826
food_court		3.775E-5	3.828E-5	2.866E-5	3.895E-5	4.24E-5	5.555E-5	7.595E-5	6.267E-5	5.375E-5	9.185E-5	4.895E-5	4.302E-5	5.654E-5	6.784E-5	4.759E-5	4.699E-5	3.87E-5	4.444E-5	4.439E-5	3.299E-5	5.993E-5	1.035E-4	8.262E-5	9.225E-5	4.562E-5	4.287E-5	3.856E-5	6.287E-5	4.144E-5	3.122E-5	5.442E-5	6.233E-5	3.26E-5	2.203E-5	2.558E-5	1.973E-5	2.157E-5	1.542E-5	1.614E-5	2.782E-5	2.519E-5	2.035E-5	2.522E-5	3.397E-5	2.223E-5	3.577E-5
kasbah		8.6004E-4	0.00157129	0.0013353	0.00268031	0.00558025	0.00464336	0.00685391	0.00243308	0.0037146	0.00197101	0.00261	0.00671518	0.00431469	0.0035562	0.0018263	0.00387575	0.00277185	0.00182136	0.00181421	0.00166601	0.00256989	0.00246987	0.00290998	0.00424988	0.00277841	0.00281217	0.00293794	0.00736695	0.00530837	0.0034084	0.00661125	0.00883187	0.01503587	0.00430705	0.00360495	0.00326051	0.00319011	0.00157027	0.00183539	0.00426889	0.0030604	0.00147907	0.00232559	0.00159989	0.00175484	0.00119847
badlands		3.545E-5	6.213E-5	5.376E-5	1.0784E-4	1.6447E-4	1.3227E-4	1.1156E-4	6.877E-5	5.383E-5	7.256E-5	1.3126E-4	1.289E-4	8.15E-5	1.3362E-4	1.084E-4	9.05E-5	1.0677E-4	1.2008E-4	1.8336E-4	1.6163E-4	9.773E-5	1.0881E-4	1.9611E-4	2.2362E-4	1.512E-4	8.081E-5	8.848E-5	1.7693E-4	1.101E-4	9.498E-5	1.3973E-4	2.1618E-4	1.9981E-4	1.2424E-4	1.2153E-4	1.033E-4	1.5915E-4	1.1543E-4	5.664E-5	9.767E-5	1.8798E-4	1.1022E-4	7.973E-5	1.3882E-4	1.5267E-4	3.4411E-4
coast		5.358E-5	6.939E-5	6.744E-5	1.3073E-4	1.5855E-4	1.2589E-4	1.2358E-4	1.4167E-4	1.2119E-4	8.351E-5	7.618E-5	7.277E-5	1.076E-4	8.347E-5	9.119E-5	8.314E-5	1.3847E-4	9.548E-5	8.65E-5	1.517E-4	9.961E-5	2.8368E-4	1.3101E-4	2.1786E-4	1.0458E-4	1.1191E-4	2.5209E-4	3.1292E-4	2.7618E-4	1.8393E-4	2.1061E-4	2.4849E-4	1.4582E-4	8.551E-5	2.1919E-4	1.3609E-4	1.5942E-4	1.2549E-4	2.252E-4	6.771E-4	0.0010972	3.8718E-4	1.921E-4	5.9823E-4	4.159E-4	4.0458E-4
nursery		2.903E-5	4.175E-5	2.658E-5	3.793E-5	2.339E-5	2.583E-5	3.159E-5	3.833E-5	3.701E-5	4.053E-5	2.819E-5	1.773E-5	1.853E-5	3.116E-5	3.954E-5	5.053E-5	9.601E-5	6.304E-5	9.503E-5	1.1742E-4	1.24E-4	1.0382E-4	9.392E-5	7.663E-5	4.298E-5	7.842E-5	3.595E-5	6.133E-5	6.218E-5	2.673E-5	5.692E-5	6.459E-5	3.961E-5	5.15E-5	5.427E-5	6.864E-5	5.683E-5	4.343E-5	3.156E-5	5.486E-5	6.202E-5	3.148E-5	3.362E-5	3.369E-5	6.383E-5	7.177E-5
parking_lot		0.00850116	0.01303013	0.0111468	0.01197379	0.00923145	0.01117517	0.0118199	0.01192569	0.0102512	0.01117295	0.01451055	0.01166586	0.00887004	0.0079317	0.00544449	0.007331	0.00528426	0.00513046	0.00816803	0.00745897	0.00756274	0.01727023	0.01255086	0.00979212	0.00804069	0.0047295	0.00304806	0.00935214	0.00611471	0.00340478	0.00468232	0.00773197	0.00434741	0.00432065	0.00293167	0.00169526	0.00299796	0.00186023	0.00155986	0.0014309	0.00114299	0.00153499	0.00321173	0.00266625	0.00247812	0.00377265
bowling_alley		6.26E-5	8.31E-5	7.119E-5	8.777E-5	5.873E-5	6.576E-5	4.668E-5	4.483E-5	4.004E-5	4.766E-5	3.041E-5	2.111E-5	2.311E-5	2.666E-5	1.942E-5	2.001E-5	1.824E-5	2.178E-5	2.998E-5	2.37E-5	2.861E-5	4.161E-5	5.191E-5	5.158E-5	4.515E-5	2.135E-5	1.648E-5	2.999E-5	2.222E-5	1.652E-5	2.231E-5	2.482E-5	1.255E-5	1.663E-5	2.133E-5	2.133E-5	2.709E-5	1.806E-5	1.274E-5	1.688E-5	2.437E-5	1.251E-5	1.017E-5	1.45E-5	1.725E-5	3.92E-5
galley		6.54E-6	1.258E-5	1.235E-5	2.311E-5	3.025E-5	2.455E-5	3.449E-5	2.903E-5	2.601E-5	2.392E-5	1.385E-5	8.71E-6	8.84E-6	1.024E-5	8.69E-6	9.57E-6	8.34E-6	8.8E-6	7.54E-6	7.24E-6	1.029E-5	2.13E-5	1.789E-5	2.618E-5	1.536E-5	5.06E-6	4.38E-6	1.041E-5	6.18E-6	5.69E-6	5.49E-6	1.111E-5	4.55E-6	3.22E-6	8.39E-6	7.87E-6	1.251E-5	5.54E-6	5.47E-6	3.04E-6	2.66E-6	2.54E-6	3.53E-6	1.8E-6	3.17E-6	2.81E-6
conference_center		2.742E-5	1.614E-5	1.911E-5	2.052E-5	2.07E-5	1.721E-5	2.26E-5	2.055E-5	2.755E-5	4.802E-5	2.428E-5	1.208E-5	2.267E-5	1.511E-5	1.117E-5	2.044E-5	2.138E-5	1.717E-5	1.728E-5	1.78E-5	1.798E-5	2.006E-5	1.753E-5	1.994E-5	1.479E-5	1.86E-5	2.201E-5	3.254E-5	3.685E-5	1.809E-5	2.192E-5	3.912E-5	2.581E-5	1.571E-5	2.077E-5	2.324E-5	2.005E-5	1.678E-5	1.667E-5	1.479E-5	1.178E-5	1.194E-5	9.74E-6	1.594E-5	1.671E-5	1.805E-5
islet		5.91E-6	7.86E-6	8.29E-6	1.869E-5	2.329E-5	1.786E-5	1.763E-5	1.839E-5	1.544E-5	1.142E-5	8.12E-6	6.79E-6	1.205E-5	8.54E-6	8.78E-6	1.018E-5	1.503E-5	1.331E-5	9.42E-6	1.573E-5	1.208E-5	2.942E-5	1.902E-5	2.924E-5	1.593E-5	1.28E-5	2.166E-5	2.996E-5	1.8E-5	1.739E-5	1.897E-5	1.526E-5	1.71E-5	8.16E-6	1.665E-5	1.6E-5	1.823E-5	1.019E-5	1.28E-5	4.744E-5	5.618E-5	3.398E-5	1.135E-5	3.435E-5	3.152E-5	3.143E-5
supermarket		6.968E-5	1.0796E-4	7.178E-5	1.0677E-4	9.676E-5	1.6024E-4	1.0943E-4	1.1566E-4	9.03E-5	9.298E-5	5.849E-5	4.017E-5	4.363E-5	6.736E-5	5.916E-5	6.983E-5	5.882E-5	7.87E-5	8.574E-5	7.768E-5	1.5608E-4	2.733E-4	2.3625E-4	2.5372E-4	1.2116E-4	7.727E-5	4.832E-5	6.756E-5	4.179E-5	4.031E-5	5.548E-5	5.757E-5	3.095E-5	3.568E-5	3.879E-5	3.071E-5	5.884E-5	3.234E-5	2.27E-5	3.386E-5	3.524E-5	3.21E-5	3.552E-5	2.362E-5	3.312E-5	3.924E-5
abbey		0.13503006	0.12418589	0.14143182	0.24709566	0.21501374	0.1855156	0.19889916	0.26780063	0.28990823	0.31135547	0.24649478	0.16206466	0.15543436	0.18941839	0.12332144	0.12579776	0.08105705	0.07729441	0.07129821	0.10885043	0.18735625	0.2911639	0.20666854	0.38708165	0.381706	0.21237591	0.18735169	0.25278956	0.11375266	0.15470347	0.16273896	0.10090844	0.16667712	0.15307322	0.18624608	0.18055843	0.13530147	0.18288414	0.2195698	0.21438482	0.23968747	0.31112215	0.31157437	0.35641298	0.25322703	0.17346255
monastery_outdoor		0.01545412	0.01108631	0.00856251	0.00725386	0.00796685	0.00837607	0.00725595	0.00573224	0.00620196	0.00707864	0.00827406	0.00893886	0.01831673	0.01866208	0.0138752	0.01962426	0.01659943	0.01588905	0.01615679	0.01616325	0.01990429	0.0188723	0.0205012	0.023477	0.02392942	0.02022412	0.02034402	0.01568664	0.02019178	0.0224732	0.02146401	0.01718623	0.01900526	0.01915919	0.02377789	0.0289512	0.02329439	0.03381191	0.02037347	0.01926715	0.01576066	0.01089813	0.01050045	0.01119367	0.01503587	0.01086191
patio		0.00204783	0.00148998	0.00209736	0.00176331	0.0029192	0.00287403	0.00370221	0.00316382	0.00406605	0.00366949	0.0044878	0.00338807	0.00215525	0.00358273	0.00320641	0.00238378	0.00241897	0.00268458	0.0038941	0.00289503	0.0065304	0.00259256	0.00381916	0.002361	0.00138185	0.00114538	6.0266E-4	0.00110489	9.5255E-4	8.6956E-4	8.9638E-4	0.00163489	0.00142708	0.0019185	0.00497446	0.00296533	0.00352043	0.00392865	0.00439658	0.00499918	0.0040281	0.00440021	0.00858133	0.01736567	0.00822102	0.00684604
crosswalk		0.00591017	0.00979542	0.00723314	0.00559104	0.00409948	0.00452896	0.00465401	0.00316373	0.00241286	0.00393872	0.00378824	0.00236548	0.00372135	0.00332705	0.00193572	0.00243144	0.00170519	0.00163303	0.00350283	0.009665	0.00794448	0.01650714	0.00800291	0.00737269	0.00589891	0.00335362	0.00273179	0.0051321	0.00237223	0.0024483	0.00374842	0.00648603	0.00276868	0.00474153	0.00171018	0.00108852	0.00108223	8.4736E-4	8.6613E-4	4.3815E-4	2.7425E-4	4.4439E-4	6.6023E-4	7.2247E-4	0.00187707	0.00146159
creek		1.3845E-4	1.4101E-4	2.9786E-4	1.8013E-4	1.9811E-4	1.9683E-4	2.3987E-4	2.2852E-4	2.1829E-4	1.4108E-4	2.193E-4	1.831E-4	1.4897E-4	1.4434E-4	1.0613E-4	1.2388E-4	2.3858E-4	3.0667E-4	4.0214E-4	4.2588E-4	3.6887E-4	3.28E-4	3.2211E-4	1.9068E-4	1.5453E-4	1.8532E-4	6.3811E-4	3.2077E-4	4.8948E-4	5.1022E-4	5.055E-4	6.1317E-4	3.6289E-4	2.4504E-4	3.3869E-4	3.4661E-4	5.1044E-4	3.5062E-4	4.8085E-4	0.00191238	0.00187269	0.00269234	0.00225523	0.00139446	0.00298966	0.00302013
waiting_room		3.568E-5	5.076E-5	6.037E-5	4.757E-5	7.791E-5	6.061E-5	5.968E-5	7.069E-5	8.229E-5	6.906E-5	4.922E-5	7.263E-5	7.07E-5	5.797E-5	5.138E-5	6.625E-5	1.5693E-4	9.005E-5	1.2409E-4	7.902E-5	2.0714E-4	1.3945E-4	8.323E-5	7.217E-5	6.295E-5	4.956E-5	4.901E-5	6.53E-5	9.211E-5	4.117E-5	6.26E-5	1.0322E-4	8.986E-5	7.623E-5	9.543E-5	1.1072E-4	1.074E-4	6.206E-5	6.767E-5	6.769E-5	5.181E-5	6.798E-5	1.4767E-4	3.9742E-4	4.5568E-4	2.9671E-4
basilica		0.02264549	0.01713513	0.01694162	0.02718489	0.02301735	0.02042965	0.01634563	0.013583	0.01512883	0.02371422	0.02680596	0.02708837	0.04927536	0.04770146	0.03555388	0.04085847	0.03873945	0.03556477	0.02339211	0.02478587	0.04587268	0.04091451	0.04499002	0.06221217	0.0605982	0.04686293	0.06812569	0.0445393	0.06377297	0.0846269	0.09235566	0.06837429	0.08353474	0.06046956	0.03759736	0.03367463	0.02951293	0.02213504	0.02030814	0.03606605	0.04881352	0.02579875	0.02276031	0.03583	0.03167223	0.02441788
pantry		1.903E-5	3.105E-5	3.006E-5	4.998E-5	5.486E-5	5.798E-5	6.308E-5	5.459E-5	5.46E-5	5.382E-5	3.038E-5	2.81E-5	2.503E-5	3.019E-5	2.608E-5	3.883E-5	3.792E-5	3.956E-5	4.58E-5	3.652E-5	5.756E-5	1.3966E-4	1.6272E-4	1.4433E-4	7.36E-5	2.373E-5	1.434E-5	3.818E-5	2.061E-5	2.01E-5	1.829E-5	3.954E-5	1.458E-5	1.758E-5	2.749E-5	3.667E-5	4.302E-5	1.799E-5	2.257E-5	2.353E-5	2.776E-5	1.852E-5	2.239E-5	1.764E-5	4.381E-5	3.709E-5
martial_arts_gym		6.733E-5	6.961E-5	6.941E-5	6.653E-5	5.962E-5	7.281E-5	7.797E-5	7.303E-5	6.31E-5	9.48E-5	8.209E-5	5.098E-5	9.459E-5	7.618E-5	5.385E-5	5.844E-5	5.275E-5	7.377E-5	1.4755E-4	8.247E-5	1.0659E-4	1.2765E-4	8.766E-5	5.421E-5	5.538E-5	4.477E-5	5.627E-5	8.189E-5	1.4156E-4	5.038E-5	1.1657E-4	1.0565E-4	4.455E-5	8.492E-5	6.277E-5	9.876E-5	9.751E-5	1.0508E-4	7.329E-5	1.0056E-4	8.599E-5	6.567E-5	3.888E-5	4.644E-5	5.63E-5	8.523E-5
cockpit		1.527E-5	2.573E-5	2.018E-5	5.166E-5	5.157E-5	5.594E-5	5.172E-5	4.79E-5	3.518E-5	2.923E-5	1.957E-5	1.237E-5	1.556E-5	1.492E-5	1.99E-5	2.606E-5	2.572E-5	3.728E-5	3.235E-5	2.171E-5	5.618E-5	8.583E-5	9.842E-5	9.274E-5	4.254E-5	1.653E-5	1.979E-5	1.69E-5	1.033E-5	1.782E-5	2.575E-5	1.778E-5	1.506E-5	1.729E-5	1.182E-5	9.24E-6	1.35E-5	1.071E-5	6.45E-6	1.429E-5	1.53E-5	1.213E-5	1.154E-5	9.68E-6	1.652E-5	1.907E-5
vegetable_garden		1.9039E-4	1.7056E-4	3.1083E-4	1.5623E-4	4.1402E-4	3.8212E-4	4.1853E-4	2.3672E-4	1.6605E-4	1.5713E-4	1.6244E-4	1.2294E-4	2.0045E-4	2.0101E-4	2.1233E-4	3.0338E-4	3.9155E-4	2.5861E-4	4.1136E-4	4.4347E-4	1.4614E-4	3.0235E-4	2.0856E-4	1.7151E-4	1.7055E-4	1.6144E-4	3.047E-4	2.9165E-4	5.9904E-4	5.1065E-4	2.7312E-4	3.4521E-4	2.9799E-4	3.5207E-4	3.3536E-4	4.3963E-4	3.4816E-4	6.8679E-4	8.6125E-4	0.00115819	0.00142303	8.6259E-4	8.7234E-4	0.00100917	5.3226E-4	5.2428E-4
veranda		0.00105729	0.00102924	8.0551E-4	5.9568E-4	3.8569E-4	3.5656E-4	3.6198E-4	2.7095E-4	2.7805E-4	3.3758E-4	2.0352E-4	1.2557E-4	1.6568E-4	2.2042E-4	2.2727E-4	2.4129E-4	3.1509E-4	4.1368E-4	0.00157348	0.00144285	0.00130126	7.559E-4	0.00115296	3.9282E-4	3.1405E-4	3.1567E-4	2.2272E-4	3.8321E-4	3.053E-4	3.2181E-4	6.2926E-4	3.6997E-4	6.3176E-4	6.3424E-4	4.4811E-4	4.9274E-4	5.1286E-4	0.00195592	0.00247014	0.00407062	0.00354505	0.00235757	0.00183438	0.0010113	9.3868E-4	0.00217063
residential_neighborhood		0.02384348	0.02369024	0.02197747	0.01478225	0.01177409	0.01440849	0.01621634	0.01440564	0.01263036	0.01534345	0.01305112	0.00923172	0.0112876	0.01104822	0.01143225	0.00813091	0.01006538	0.01235715	0.0134433	0.01421261	0.01934779	0.01859985	0.01460841	0.01184158	0.00800154	0.00640395	0.01170277	0.01279426	0.01781935	0.02310609	0.01532987	0.01684669	0.0136268	0.02468097	0.02458627	0.01817464	0.00585714	0.01052588	0.01890819	0.01107605	0.00835981	0.0127978	0.04372376	0.02256608	0.02716512	0.03102182
subway_station_platform		8.544E-5	9.901E-5	7.887E-5	1.0645E-4	7.975E-5	9.95E-5	1.025E-4	1.0473E-4	6.684E-5	9.096E-5	5.214E-5	3.421E-5	2.891E-5	3.755E-5	2.417E-5	2.114E-5	3.601E-5	2.331E-5	2.506E-5	2.946E-5	2.551E-5	2.73E-5	2.513E-5	3.208E-5	3.742E-5	3.323E-5	5.169E-5	4.53E-5	6.599E-5	3.392E-5	8.575E-5	8.712E-5	3.274E-5	4.908E-5	4.135E-5	2.948E-5	3.532E-5	2.38E-5	3.924E-5	5.586E-5	1.0976E-4	7.698E-5	6.706E-5	8.282E-5	6.436E-5	2.6224E-4
snowfield		2.839E-5	3.374E-5	4.122E-5	6.708E-5	8.51E-5	1.059E-4	1.2774E-4	1.2104E-4	1.0791E-4	9.621E-5	7.157E-5	3.67E-5	3.357E-5	5.086E-5	5.473E-5	7.121E-5	6.913E-5	6.837E-5	1.3733E-4	1.3491E-4	1.376E-4	1.7312E-4	1.9807E-4	1.3023E-4	6.341E-5	4.623E-5	4.343E-5	7.31E-5	4.96E-5	3.201E-5	3.56E-5	4.058E-5	4.64E-5	3.863E-5	4.298E-5	4.646E-5	5.454E-5	4.1E-5	4.14E-5	4.195E-5	3.395E-5	5.613E-5	4.314E-5	4.096E-5	8.624E-5	1.3357E-4
restaurant		2.5082E-4	4.1861E-4	3.6904E-4	4.7103E-4	4.1888E-4	7.0358E-4	6.0445E-4	5.9566E-4	6.111E-4	6.0857E-4	5.8407E-4	4.0368E-4	5.3463E-4	8.1305E-4	6.8856E-4	5.0022E-4	3.632E-4	3.8372E-4	3.39E-4	2.2246E-4	3.6735E-4	5.3605E-4	5.707E-4	8.1655E-4	4.072E-4	2.8241E-4	2.4274E-4	3.8843E-4	2.685E-4	2.2439E-4	3.7258E-4	3.9858E-4	2.1169E-4	1.2702E-4	1.6963E-4	1.3953E-4	1.2457E-4	5.626E-5	4.76E-5	1.056E-4	5.837E-5	5.616E-5	7.448E-5	1.6388E-4	1.6792E-4	1.4292E-4
fire_escape		0.14012586	0.10939328	0.05467475	0.05875017	0.05345159	0.08750311	0.09768534	0.12317141	0.11134653	0.08244824	0.05714382	0.04609074	0.04275741	0.05976914	0.07778553	0.08822016	0.05471523	0.04262882	0.07246979	0.06238011	0.03880087	0.06454112	0.04766724	0.03985564	0.01527875	0.00952914	0.00493199	0.00948864	0.01703009	0.00675391	0.00662525	0.01935002	0.00637241	0.0067297	0.01422925	0.01030538	0.00532752	0.00389564	0.00818736	0.01724588	0.01741071	0.03791272	0.0347778	0.01981215	0.07304492	0.09493964
driveway		0.01848689	0.01494452	0.01531037	0.00964155	0.01068305	0.00905444	0.01049562	0.00880443	0.0094421	0.01166244	0.01307772	0.00950517	0.00608724	0.01034789	0.01135869	0.00620209	0.00730781	0.00790204	0.01690035	0.02257526	0.01175664	0.01219997	0.01340105	0.00723163	0.0068558	0.00351522	0.00578393	0.00569364	0.01120541	0.01302126	0.01705657	0.01610021	0.01385093	0.01579972	0.01734225	0.01556358	0.01168941	0.01403409	0.02557379	0.0099082	0.01310571	0.02161	0.08542338	0.05143429	0.05778608	0.11598074
phone_booth		0.00277687	0.00298555	0.00317943	0.00480002	0.00321791	0.00326474	0.00252881	0.00230569	0.00254574	0.00494668	0.00176165	0.0021498	0.00176385	0.00226713	0.0016685	0.0011138	0.00173766	0.00114643	0.00133664	0.00187848	0.00178925	0.00260987	0.00279542	0.00280224	0.00371174	0.00139488	6.763E-4	7.9125E-4	6.6802E-4	0.00114406	9.7187E-4	0.00181678	3.6398E-4	6.5033E-4	0.00108146	0.00103783	0.00165015	9.0082E-4	0.0010695	4.7005E-4	3.1784E-4	4.3277E-4	8.1081E-4	0.00163623	0.00188809	0.00263157
banquet_hall		1.99E-5	1.944E-5	1.847E-5	2.102E-5	2.507E-5	2.588E-5	3.051E-5	2.667E-5	3.026E-5	3.566E-5	2.472E-5	2.365E-5	3.271E-5	2.871E-5	1.643E-5	1.837E-5	2.029E-5	1.946E-5	1.598E-5	1.936E-5	1.898E-5	2.645E-5	2.642E-5	3.863E-5	3.147E-5	2.251E-5	3.181E-5	5.316E-5	5.714E-5	2.501E-5	3.14E-5	4.117E-5	5.089E-5	3.576E-5	7.725E-5	6.23E-5	6.201E-5	6.185E-5	6.905E-5	4.03E-5	2.195E-5	4.43E-5	4.103E-5	7.665E-5	5.952E-5	3.669E-5
shed		0.00486754	0.00327696	0.00138819	0.00164193	8.4127E-4	9.9521E-4	9.4538E-4	7.154E-4	5.5378E-4	5.8401E-4	4.2855E-4	0.00117725	7.3404E-4	0.00112026	0.00242358	0.00472681	0.00615582	0.01355758	0.06142319	0.06103994	0.00762357	0.00169789	0.0015754	0.00163591	0.00115677	6.4759E-4	4.6876E-4	0.00104761	8.6419E-4	5.8883E-4	9.9403E-4	8.6841E-4	5.0749E-4	5.6318E-4	5.7063E-4	9.9087E-4	0.00246865	0.00252556	0.00117496	0.00186883	0.00215095	0.00132459	0.00314401	9.0927E-4	9.4682E-4	0.00203016
formal_garden		0.03761304	0.02273133	0.01836876	0.01540592	0.01486163	0.0176989	0.01494686	0.01333757	0.01218077	0.01294938	0.01048332	0.00711086	0.00998364	0.01016134	0.01096001	0.01225691	0.01175912	0.00798468	0.00725366	0.01077518	0.00773868	0.01018183	0.01213295	0.01161554	0.0094716	0.01070781	0.01196323	0.01206446	0.02089479	0.02421865	0.01912414	0.02308041	0.02084081	0.01785452	0.01803482	0.02482376	0.01908159	0.03084539	0.03194297	0.02338416	0.02602159	0.02235974	0.02599765	0.02036307	0.01748928	0.01219854
conference_room		6.53E-6	5.82E-6	6.81E-6	9.04E-6	1.303E-5	1.407E-5	1.224E-5	1.177E-5	1.337E-5	2.176E-5	1.1E-5	1.187E-5	1.425E-5	1.206E-5	6.34E-6	8.16E-6	7.85E-6	9.22E-6	6.99E-6	6.81E-6	6.04E-6	8.22E-6	1.398E-5	1.974E-5	1.288E-5	1.07E-5	1.259E-5	2.186E-5	1.477E-5	1.109E-5	1.327E-5	1.711E-5	1.069E-5	8.99E-6	1.568E-5	1.774E-5	1.394E-5	8.22E-6	7.15E-6	7.21E-6	7.57E-6	6.42E-6	6.36E-6	1.326E-5	1.086E-5	8.52E-6
apartment_building_outdoor		0.0263647	0.03272237	0.02789735	0.02658297	0.0250045	0.03362692	0.0378168	0.03727332	0.03126167	0.03233565	0.03821181	0.028281	0.02434126	0.03301566	0.03408651	0.03158439	0.02519778	0.02080665	0.04421196	0.04343009	0.05149816	0.06718826	0.05055859	0.03341696	0.01815261	0.0186099	0.0170228	0.02431186	0.02452914	0.02147917	0.02108248	0.03304472	0.01896201	0.02919922	0.03325579	0.03233412	0.01318084	0.0181773	0.01740496	0.01128343	0.00690158	0.0201597	0.02001992	0.01388798	0.01211445	0.01329502
harbor		1.3567E-4	1.3822E-4	1.758E-4	2.4245E-4	2.7017E-4	2.2285E-4	3.9181E-4	3.7182E-4	3.3445E-4	2.306E-4	1.8146E-4	1.2332E-4	2.3271E-4	1.068E-4	1.5416E-4	1.3504E-4	2.5501E-4	2.1171E-4	1.4677E-4	2.1134E-4	1.7168E-4	4.0606E-4	2.6205E-4	5.4285E-4	2.8349E-4	2.367E-4	3.3323E-4	6.8389E-4	4.0342E-4	1.9521E-4	4.7366E-4	2.4373E-4	1.9309E-4	7.731E-5	1.3425E-4	1.4136E-4	3.1047E-4	9.764E-5	7.375E-5	2.127E-4	2.0111E-4	9.323E-5	7.176E-5	2.976E-4	1.9088E-4	2.7169E-4
herb_garden		5.3733E-4	3.5245E-4	4.6047E-4	2.6847E-4	6.2634E-4	5.8029E-4	6.4892E-4	5.2262E-4	5.059E-4	4.2403E-4	4.0591E-4	2.5524E-4	2.7589E-4	3.1392E-4	2.9664E-4	4.6128E-4	5.3644E-4	3.6075E-4	4.8377E-4	6.103E-4	2.3383E-4	4.6138E-4	3.7682E-4	2.833E-4	2.8414E-4	2.2661E-4	3.4474E-4	2.8413E-4	5.0202E-4	5.6092E-4	2.5153E-4	3.3214E-4	2.8382E-4	3.619E-4	3.0625E-4	4.1194E-4	3.9571E-4	9.3215E-4	6.487E-4	8.6537E-4	0.00109649	9.988E-4	0.00110613	9.5143E-4	7.1636E-4	5.7922E-4
office		2.195E-5	3.103E-5	2.715E-5	4.389E-5	6.293E-5	6.98E-5	7.504E-5	5.496E-5	5.498E-5	4.659E-5	3.232E-5	3.326E-5	3.083E-5	3.659E-5	4.141E-5	3.773E-5	6.747E-5	2.533E-5	2.243E-5	1.787E-5	2.271E-5	7.936E-5	1.1291E-4	1.5466E-4	7.118E-5	2.7E-5	2.354E-5	7.036E-5	4.211E-5	3.471E-5	3.942E-5	8.265E-5	3.982E-5	4.672E-5	6.334E-5	8.641E-5	8.476E-5	3.997E-5	2.477E-5	1.929E-5	1.107E-5	1.788E-5	2.609E-5	3.434E-5	4.695E-5	2.327E-5
field_wild		5.845E-5	6.793E-5	6.421E-5	1.3229E-4	6.822E-5	6.219E-5	8.264E-5	5.27E-5	4.436E-5	7.896E-5	8.676E-5	6.888E-5	6.409E-5	6.685E-5	7.436E-5	7.445E-5	8.839E-5	7.948E-5	9.864E-5	9.385E-5	5.09E-5	6.863E-5	6.771E-5	9.992E-5	6.487E-5	1.5761E-4	2.3334E-4	1.7992E-4	2.1084E-4	2.641E-4	2.1708E-4	2.3033E-4	1.7659E-4	2.0117E-4	1.9383E-4	1.6653E-4	2.0842E-4	1.5834E-4	4.9466E-4	5.351E-4	7.1355E-4	6.1119E-4	4.4739E-4	0.00121118	0.00125471	0.00140886
ski_resort		1.7621E-4	1.8263E-4	2.9488E-4	3.6344E-4	5.9702E-4	7.4059E-4	0.0012762	0.00123544	0.00122438	0.00116082	9.7489E-4	4.5299E-4	3.9766E-4	7.7417E-4	7.6515E-4	8.6253E-4	8.598E-4	7.7146E-4	0.00241421	0.00200333	0.00314097	0.00380746	0.00476524	0.00192193	7.2176E-4	5.7213E-4	4.6596E-4	7.1638E-4	4.3241E-4	3.0036E-4	3.5393E-4	2.6172E-4	2.7008E-4	3.2505E-4	2.3627E-4	1.4196E-4	1.9221E-4	1.4138E-4	1.3247E-4	1.0679E-4	1.2468E-4	1.9695E-4	1.3236E-4	7.748E-5	1.772E-4	2.4165E-4
plaza		0.03329869	0.05691831	0.05596111	0.04319576	0.03639407	0.04576407	0.04711575	0.06497382	0.06696898	0.08407971	0.05758672	0.03642842	0.06909935	0.05076138	0.05404623	0.0621631	0.06518426	0.03790633	0.03814569	0.03804567	0.05768937	0.05147336	0.0449666	0.03531986	0.03275252	0.05586353	0.07410174	0.07397319	0.08495718	0.0632575	0.12387468	0.09204651	0.09280815	0.08205974	0.02905195	0.02183428	0.03163722	0.02184754	0.0338743	0.02219801	0.01929143	0.02742389	0.03264618	0.03471346	0.02587241	0.02122518
dam		5.8912E-4	8.5486E-4	0.00133898	0.0013466	5.5962E-4	6.2868E-4	7.4648E-4	6.6962E-4	8.1122E-4	6.0518E-4	5.5792E-4	5.7055E-4	3.4247E-4	6.8052E-4	3.889E-4	2.3351E-4	8.6355E-4	6.9291E-4	5.5464E-4	8.7356E-4	5.9205E-4	7.1989E-4	0.00136327	0.00106245	5.0161E-4	7.5665E-4	0.00127481	8.5151E-4	0.00121957	7.7522E-4	0.00136422	0.00145728	7.3332E-4	0.00197801	0.00286461	0.00173468	0.00153428	0.00124951	0.00204757	0.00448499	0.00329958	0.00295977	0.00243837	0.00317886	0.00211814	0.00249076
museum_indoor		1.1893E-4	1.3311E-4	1.3641E-4	1.4821E-4	1.8555E-4	1.421E-4	1.6897E-4	1.7327E-4	1.8831E-4	2.2506E-4	1.7965E-4	1.6146E-4	2.144E-4	1.6484E-4	1.7887E-4	1.7064E-4	2.7546E-4	1.8741E-4	1.7328E-4	1.7215E-4	3.0568E-4	3.1891E-4	3.5844E-4	2.8257E-4	2.4788E-4	2.8825E-4	3.4312E-4	2.6199E-4	4.0475E-4	2.993E-4	4.4049E-4	5.4088E-4	4.3991E-4	3.9437E-4	4.6376E-4	4.2739E-4	4.5968E-4	3.9382E-4	4.1822E-4	2.6912E-4	3.8456E-4	5.2863E-4	7.0126E-4	6.5991E-4	0.00113119	8.9805E-4
pavilion		9.452E-4	0.00127313	7.3316E-4	7.893E-4	4.8361E-4	0.00104337	0.0010161	9.5623E-4	6.2513E-4	7.0324E-4	5.0299E-4	1.9269E-4	3.4354E-4	0.00112495	2.0307E-4	2.1638E-4	6.1441E-4	3.5081E-4	5.6938E-4	6.8787E-4	6.4906E-4	5.122E-4	5.1959E-4	5.0918E-4	2.63E-4	3.7377E-4	5.1794E-4	3.2681E-4	2.4413E-4	3.3476E-4	2.0872E-4	2.5892E-4	2.6104E-4	4.647E-4	3.5212E-4	2.9078E-4	3.3263E-4	4.9392E-4	0.00201586	0.0016656	0.00186171	0.00195122	7.8434E-4	0.00116047	0.00157396	0.00409988
alley		0.18750833	0.10719274	0.06345195	0.07249233	0.06270009	0.1226422	0.09865823	0.08703148	0.2971284	0.19451274	0.13709153	0.2105606	0.05427216	0.04225107	0.07411126	0.19016418	0.14339478	0.14469467	0.1020008	0.10103308	0.06438563	0.05746963	0.06899441	0.07709963	0.04871602	0.06282743	0.05184226	0.14381357	0.1143919	0.07157613	0.07406585	0.08996414	0.03368507	0.02417496	0.07447129	0.04655002	0.0671004	0.01983446	0.01926754	0.01899461	0.02182588	0.02092149	0.03764553	0.02922085	0.15215625	0.17493516
candy_store		2.2019E-4	2.9618E-4	2.371E-4	2.5097E-4	1.6108E-4	3.0537E-4	1.9123E-4	2.0726E-4	2.0573E-4	2.2394E-4	1.1717E-4	7.536E-5	6.31E-5	1.1926E-4	1.0288E-4	8.928E-5	7.294E-5	8.326E-5	1.1419E-4	9.955E-5	1.7312E-4	3.1176E-4	3.0811E-4	2.6431E-4	1.5642E-4	5.987E-5	3.093E-5	4.462E-5	2.924E-5	3.409E-5	3.232E-5	4.194E-5	1.461E-5	1.98E-5	2.723E-5	2.371E-5	3.172E-5	1.871E-5	2.492E-5	2.936E-5	2.988E-5	2.798E-5	2.596E-5	1.548E-5	5.075E-5	3.811E-5
tower		0.00628276	0.00434428	0.00697273	0.00989165	0.01320178	0.01095771	0.01114758	0.00862242	0.00703466	0.00669407	0.00875756	0.00820558	0.01095243	0.01075003	0.01456417	0.01450466	0.01736986	0.01753878	0.01202048	0.01577209	0.014089	0.01475471	0.0158977	0.01895953	0.02123793	0.02292561	0.03027702	0.01903802	0.03000406	0.03399764	0.04209577	0.02637887	0.03242404	0.02023254	0.01514399	0.01676032	0.01713135	0.0080744	0.00738356	0.0095516	0.01138524	0.01072019	0.01162496	0.01126134	0.02048873	0.01158217
rice_paddy		1.4671E-4	1.7847E-4	2.4538E-4	4.7322E-4	1.4663E-4	1.0973E-4	1.9744E-4	1.7676E-4	1.1735E-4	1.6325E-4	1.2024E-4	8.718E-5	7.094E-5	9.177E-5	4.542E-5	5.604E-5	1.1999E-4	1.1751E-4	1.8015E-4	1.1022E-4	9.372E-5	1.0379E-4	7.647E-5	1.9077E-4	9.332E-5	2.9843E-4	3.7543E-4	2.4091E-4	2.1427E-4	2.7153E-4	2.7471E-4	3.5759E-4	2.9885E-4	3.4253E-4	2.9991E-4	2.0495E-4	4.0508E-4	2.4346E-4	8.696E-4	0.00113465	0.00127699	9.4761E-4	4.6847E-4	9.2053E-4	6.1202E-4	6.9264E-4
music_studio		2.836E-5	4.192E-5	3.486E-5	6.817E-5	6.53E-5	8.146E-5	7.175E-5	6.225E-5	4.514E-5	4.732E-5	3.226E-5	2.254E-5	3.988E-5	3.038E-5	2.256E-5	3.27E-5	2.408E-5	3.276E-5	3.662E-5	2.692E-5	3.063E-5	6.771E-5	7.655E-5	8.696E-5	4.186E-5	2.159E-5	1.569E-5	4.115E-5	3.433E-5	1.78E-5	3.015E-5	7.161E-5	1.959E-5	2.577E-5	2.851E-5	3.561E-5	2.491E-5	1.603E-5	3.099E-5	4.798E-5	3.053E-5	2.373E-5	2.98E-5	3.664E-5	5.23E-5	6.68E-5
ice_cream_parlor		2.7773E-4	3.3511E-4	2.4606E-4	3.1252E-4	1.3298E-4	2.1198E-4	1.3856E-4	1.1891E-4	1.0314E-4	1.4989E-4	1.1491E-4	7.065E-5	9.444E-5	1.4606E-4	1.1024E-4	6.316E-5	5.108E-5	5.746E-5	9.354E-5	8.645E-5	1.9738E-4	2.929E-4	1.9362E-4	1.8497E-4	1.2653E-4	8.004E-5	5.419E-5	7.34E-5	5.429E-5	5.545E-5	8.188E-5	8.762E-5	2.244E-5	4.313E-5	3.652E-5	3.481E-5	3.465E-5	3.962E-5	5.371E-5	5.237E-5	3.216E-5	3.612E-5	5.693E-5	6.434E-5	5.351E-5	9.755E-5
parlor		2.485E-5	2.351E-5	2.647E-5	3.495E-5	5.347E-5	4.891E-5	7.032E-5	5.778E-5	7.59E-5	5.998E-5	3.698E-5	4.013E-5	3.129E-5	3.868E-5	6.02E-5	9.575E-5	1.8509E-4	1.3847E-4	3.1896E-4	1.8426E-4	4.9488E-4	2.6246E-4	1.7286E-4	1.5131E-4	9.161E-5	4.65E-5	3.011E-5	5.652E-5	4.617E-5	3.252E-5	3.559E-5	5.546E-5	7.842E-5	7.868E-5	1.1491E-4	2.3274E-4	2.8129E-4	1.6647E-4	1.6383E-4	1.0231E-4	9.681E-5	8.696E-5	2.7413E-4	4.8107E-4	4.544E-4	1.7589E-4
train_railway		4.6411E-4	5.8597E-4	4.5912E-4	7.0368E-4	2.8649E-4	5.0687E-4	4.3188E-4	3.3731E-4	1.7231E-4	3.3319E-4	2.0041E-4	1.536E-4	2.1435E-4	2.5945E-4	1.5156E-4	1.2214E-4	3.5062E-4	1.3919E-4	1.6343E-4	1.2042E-4	1.5575E-4	1.8237E-4	1.687E-4	3.446E-4	1.8326E-4	2.2766E-4	3.9511E-4	1.8532E-4	4.0761E-4	3.2236E-4	2.9328E-4	4.8094E-4	3.0035E-4	4.6233E-4	4.1382E-4	1.9257E-4	2.7821E-4	5.0045E-4	0.0010186	0.00161721	0.00125273	0.00133499	0.00115419	0.00166626	0.00121022	0.00232773
windmill		4.6492E-4	3.3331E-4	3.8164E-4	6.6576E-4	3.7238E-4	3.5984E-4	3.4015E-4	3.0571E-4	1.7088E-4	1.7602E-4	1.9076E-4	7.293E-5	1.1917E-4	1.9886E-4	1.8231E-4	1.4636E-4	1.5326E-4	1.6277E-4	1.7337E-4	2.3453E-4	1.7764E-4	2.1882E-4	2.6043E-4	3.6818E-4	2.1047E-4	2.0438E-4	1.3565E-4	2.1603E-4	2.4775E-4	1.8334E-4	2.9434E-4	4.7992E-4	2.1467E-4	3.0361E-4	1.8087E-4	1.9504E-4	1.154E-4	1.27E-4	4.1972E-4	8.0251E-4	3.5211E-4	6.1849E-4	6.2226E-4	0.00123604	8.5782E-4	0.0015039
hot_spring		4.287E-5	6.121E-5	4.909E-5	7.449E-5	1.0141E-4	1.0792E-4	1.3233E-4	1.1382E-4	1.0406E-4	8.382E-5	6.547E-5	5.628E-5	7.424E-5	1.0715E-4	8.004E-5	7.393E-5	1.0175E-4	1.32E-4	1.679E-4	1.7019E-4	1.7645E-4	4.1605E-4	3.4E-4	2.4792E-4	1.485E-4	1.0918E-4	1.3868E-4	4.98E-4	1.541E-4	9.25E-5	1.3671E-4	1.1668E-4	9.741E-5	7.276E-5	1.0539E-4	1.1737E-4	2.1912E-4	1.6505E-4	1.1296E-4	3.609E-4	4.9252E-4	3.1399E-4	3.4626E-4	3.0362E-4	5.3559E-4	6.5417E-4
runway		2.3272E-4	3.6224E-4	2.9609E-4	5.4912E-4	9.748E-5	2.6078E-4	1.7209E-4	2.3868E-4	7.634E-5	1.2605E-4	4.63E-5	1.963E-5	2.922E-5	3.482E-5	1.643E-5	2.245E-5	3.605E-5	1.728E-5	1.992E-5	2.156E-5	2.551E-5	5.229E-5	3.766E-5	3.803E-5	2.142E-5	2.382E-5	3.362E-5	3.586E-5	2.843E-5	3.43E-5	3.375E-5	4.031E-5	2.106E-5	4.228E-5	2.733E-5	2.276E-5	4.117E-5	2.844E-5	2.96E-5	8.326E-5	8.393E-5	7.319E-5	5.454E-5	6.942E-5	6.024E-5	8.592E-5
art_studio		8.008E-5	1.042E-4	1.1862E-4	1.3466E-4	1.5231E-4	1.9767E-4	2.1717E-4	2.0301E-4	1.816E-4	1.5785E-4	1.2383E-4	1.3533E-4	1.3942E-4	1.1495E-4	8.319E-5	1.0832E-4	1.185E-4	1.2265E-4	1.3923E-4	1.2597E-4	1.6559E-4	6.1337E-4	5.68E-4	4.9967E-4	2.0485E-4	9.322E-5	5.363E-5	2.1241E-4	1.0508E-4	6.151E-5	1.1646E-4	2.6687E-4	6.038E-5	1.1256E-4	1.8858E-4	2.3262E-4	2.6819E-4	1.194E-4	8.639E-5	7.555E-5	6.657E-5	6.073E-5	9.099E-5	8.847E-5	2.0442E-4	1.8191E-4
schoolhouse		0.02390598	0.01568132	0.01930723	0.01232582	0.00803241	0.00847116	0.00709218	0.00616938	0.00613389	0.00681799	0.00539804	0.00531017	0.00425772	0.00410356	0.00382265	0.00280604	0.00434125	0.00921895	0.01515843	0.02089657	0.00487769	0.0040247	0.00373022	0.00322232	0.00391975	0.00307747	0.00659566	0.00645645	0.01165656	0.00663843	0.00573091	0.00642983	0.0086312	0.00780108	0.00411343	0.00434082	0.00440891	0.01638778	0.00784891	0.00369131	0.00242686	0.00235736	0.00412891	0.00246265	0.00444557	0.00475614
church_outdoor		0.01167371	0.01074132	0.0118216	0.01858283	0.01757739	0.01648204	0.01368726	0.01359689	0.01274791	0.02185967	0.01527833	0.01889267	0.03536686	0.02922418	0.01483446	0.01933123	0.0167375	0.0173788	0.01577754	0.01461917	0.02093273	0.02249101	0.02369036	0.03679446	0.03591715	0.03185877	0.04186589	0.03097125	0.04169492	0.04954158	0.04523358	0.03795076	0.04636112	0.04284682	0.02540698	0.02738916	0.02951614	0.02145463	0.02738536	0.03861027	0.0300268	0.02572443	0.02424133	0.03054372	0.03091724	0.03090833
track_outdoor		0.0044272	0.00217969	0.00353631	0.00299706	0.00228457	0.00262826	0.00234617	0.00127671	8.1617E-4	0.00192827	0.00136048	4.3797E-4	4.6324E-4	0.00103321	3.0429E-4	3.3712E-4	0.00102153	6.0839E-4	7.046E-4	4.6381E-4	8.0837E-4	0.00117374	8.0618E-4	0.0010351	5.5686E-4	7.1528E-4	0.00152534	6.7718E-4	0.00121735	0.00195043	0.0014919	0.00247138	0.0010757	0.00146371	0.00142071	0.00117975	0.00153235	5.5688E-4	4.6579E-4	8.3149E-4	0.00191041	5.9369E-4	3.6897E-4	4.0381E-4	3.6979E-4	6.8117E-4
bakery_shop		4.8422E-4	8.2431E-4	5.4513E-4	6.9178E-4	3.7171E-4	5.9759E-4	3.963E-4	4.5355E-4	3.7241E-4	3.8591E-4	2.5625E-4	1.3435E-4	1.4554E-4	2.9124E-4	2.7302E-4	1.9805E-4	1.3605E-4	1.5176E-4	1.7E-4	1.4404E-4	2.4206E-4	3.494E-4	3.2496E-4	2.7547E-4	1.8112E-4	7.449E-5	5.416E-5	7.25E-5	5.143E-5	5.361E-5	5.837E-5	6.054E-5	3.563E-5	3.451E-5	4.217E-5	3.744E-5	4.408E-5	3.731E-5	2.467E-5	2.045E-5	3.87E-5	2.767E-5	2.13E-5	1.593E-5	3.874E-5	2.929E-5
valley		1.6517E-4	1.8928E-4	1.6062E-4	3.1068E-4	2.5607E-4	2.5004E-4	3.0969E-4	1.7561E-4	1.9325E-4	3.0483E-4	3.9534E-4	3.0382E-4	1.6672E-4	2.2062E-4	1.653E-4	1.6889E-4	2.3382E-4	2.365E-4	3.9173E-4	2.4597E-4	1.9436E-4	2.1977E-4	2.3969E-4	4.3408E-4	2.6287E-4	6.2091E-4	7.1142E-4	5.627E-4	6.3409E-4	8.6397E-4	7.935E-4	7.1575E-4	6.7442E-4	5.3739E-4	6.6125E-4	4.2955E-4	5.4454E-4	4.9115E-4	6.2672E-4	9.3273E-4	0.0014439	7.0764E-4	3.8213E-4	9.9383E-4	6.1928E-4	0.0019834
golf_course		0.00138047	0.00145808	0.00155628	0.00187588	8.5125E-4	7.5777E-4	0.00128513	7.9798E-4	4.5323E-4	5.8182E-4	6.3731E-4	2.4987E-4	2.3677E-4	3.8159E-4	6.0526E-4	4.4626E-4	5.8588E-4	6.2349E-4	4.9142E-4	4.5347E-4	2.8895E-4	6.583E-4	4.0646E-4	3.2763E-4	2.3523E-4	5.5239E-4	6.0571E-4	5.5137E-4	5.4017E-4	3.9275E-4	3.5793E-4	6.3305E-4	4.1733E-4	6.358E-4	5.1596E-4	4.2859E-4	8.5443E-4	6.1959E-4	8.2783E-4	0.00198783	0.00174909	0.00164777	0.00109162	0.00169704	0.00161902	0.00292547
train_station_platform		0.00121555	0.0013954	0.00104682	0.00157234	5.8668E-4	0.00148846	0.00132564	0.00136637	6.9398E-4	0.00106266	6.5523E-4	2.9834E-4	3.8816E-4	6.5361E-4	2.615E-4	3.2508E-4	6.5231E-4	2.8246E-4	3.2903E-4	2.7826E-4	3.912E-4	4.3664E-4	3.2568E-4	4.8092E-4	2.6739E-4	2.7195E-4	4.2519E-4	2.6038E-4	3.4636E-4	3.3812E-4	2.9602E-4	5.3542E-4	4.147E-4	6.3561E-4	5.7531E-4	3.4087E-4	4.6365E-4	3.4687E-4	7.8807E-4	9.1224E-4	0.00132803	0.00124913	0.00126408	0.00167736	0.00101339	0.00460536
pond		5.2273E-4	3.39E-4	7.4283E-4	2.5402E-4	2.1584E-4	1.8363E-4	2.087E-4	2.0784E-4	2.1612E-4	1.8957E-4	4.5069E-4	4.7404E-4	5.1513E-4	3.8491E-4	4.2699E-4	6.2746E-4	9.224E-4	5.24E-4	3.4402E-4	6.6238E-4	6.9278E-4	0.00150874	0.00126574	7.7622E-4	4.942E-4	4.0393E-4	8.4606E-4	4.1437E-4	3.111E-4	2.4729E-4	2.6276E-4	5.4408E-4	3.5958E-4	3.0722E-4	4.0398E-4	3.1655E-4	3.9447E-4	2.8045E-4	3.0896E-4	0.00143894	8.447E-4	0.00163522	0.00179075	0.00127708	0.00137634	0.00128762
picnic_area		1.255E-4	1.9059E-4	1.3298E-4	2.4259E-4	1.7321E-4	2.0462E-4	3.4127E-4	2.2538E-4	2.1604E-4	3.4894E-4	3.5855E-4	1.7257E-4	2.2145E-4	3.3638E-4	3.2014E-4	2.2015E-4	2.9982E-4	3.5861E-4	6.9567E-4	7.1345E-4	2.7421E-4	2.8219E-4	2.525E-4	2.2236E-4	1.6425E-4	1.7216E-4	1.9017E-4	2.1627E-4	2.0468E-4	3.4486E-4	1.3522E-4	2.616E-4	1.6307E-4	1.9551E-4	2.3686E-4	2.3646E-4	2.6524E-4	4.1026E-4	0.00131251	0.00127135	0.00187073	0.00244842	0.00181313	0.00671274	0.00386934	0.00723155
kindergarden_classroom		2.028E-5	2.109E-5	1.775E-5	2.254E-5	2.475E-5	2.685E-5	2.16E-5	2.135E-5	2.195E-5	3.751E-5	2.955E-5	2.891E-5	2.734E-5	4.191E-5	2.859E-5	2.633E-5	4.133E-5	4.279E-5	3.805E-5	3.322E-5	4.727E-5	9.839E-5	8.24E-5	6.332E-5	5.127E-5	3.484E-5	3.468E-5	8.228E-5	5.217E-5	3.026E-5	5.318E-5	8.139E-5	2.665E-5	5.723E-5	5.557E-5	8.827E-5	9.347E-5	5.259E-5	4.75E-5	4.841E-5	4.626E-5	3.078E-5	2.991E-5	3.766E-5	3.394E-5	3.807E-5
underwater_coral_reef		5.27E-6	8.34E-6	8.24E-6	1.389E-5	1.662E-5	1.866E-5	1.497E-5	2.017E-5	1.649E-5	1.189E-5	7.28E-6	4.6E-6	4.43E-6	7.18E-6	6.52E-6	9.51E-6	1.002E-5	1.165E-5	1.09E-5	1.06E-5	9.8E-6	1.31E-5	2.039E-5	1.587E-5	8.39E-6	4.61E-6	4.93E-6	9.66E-6	6.72E-6	4.2E-6	5.87E-6	7.55E-6	5.66E-6	3.27E-6	7.38E-6	6.27E-6	1.16E-5	7.79E-6	1.008E-5	1.181E-5	1.807E-5	2.575E-5	3.646E-5	1.838E-5	4.303E-5	6.493E-5
lighthouse		1.552E-4	1.6453E-4	3.1475E-4	6.161E-4	4.1927E-4	4.0314E-4	3.4539E-4	4.4235E-4	3.3552E-4	2.8397E-4	2.4242E-4	7.476E-5	1.1329E-4	2.6433E-4	3.5529E-4	2.8051E-4	3.6923E-4	3.8875E-4	4.4578E-4	4.956E-4	2.3284E-4	2.2261E-4	2.8991E-4	2.9014E-4	1.5078E-4	1.0998E-4	2.7071E-4	1.8974E-4	4.9549E-4	3.1018E-4	2.8896E-4	1.874E-4	2.0839E-4	1.6489E-4	2.5064E-4	3.6262E-4	5.2092E-4	4.9578E-4	3.5371E-4	4.8157E-4	3.7732E-4	1.8911E-4	3.1182E-4	3.9651E-4	5.529E-4	4.4778E-4
cottage_garden		9.4408E-4	6.9258E-4	8.7937E-4	3.9586E-4	0.00110986	8.174E-4	0.00127299	6.321E-4	7.4999E-4	4.7056E-4	4.4542E-4	3.3414E-4	3.9101E-4	5.7307E-4	7.8661E-4	0.00104582	9.4901E-4	7.3504E-4	8.1732E-4	0.00119238	5.2552E-4	8.1408E-4	7.6474E-4	6.5243E-4	6.6111E-4	5.2682E-4	7.3383E-4	7.6747E-4	0.00114357	0.00119146	8.8383E-4	9.3287E-4	0.00109982	0.00110572	9.5891E-4	0.00189974	0.00115809	0.00297581	0.00194384	0.00209244	0.00137898	0.00201388	0.00221932	0.0016282	0.00188269	0.00143581
boxing_ring		4.028E-5	4.048E-5	4.497E-5	4.881E-5	3.777E-5	5.77E-5	7.72E-5	5.278E-5	4.856E-5	7.446E-5	3.612E-5	4.197E-5	7.456E-5	5.878E-5	2.485E-5	3.467E-5	3.96E-5	6.684E-5	7.018E-5	4.673E-5	3.811E-5	7.889E-5	5.299E-5	4.712E-5	4.329E-5	3.197E-5	4.375E-5	3.985E-5	2.637E-5	5.339E-5	2.451E-5	4.103E-5	2.476E-5	2.582E-5	2.767E-5	3.243E-5	3.156E-5	2.075E-5	1.412E-5	2.161E-5	2.424E-5	1.444E-5	1.129E-5	1.054E-5	2.873E-5	2.538E-5
stadium_football		0.44071332	0.1663657	0.19306481	0.17709923	0.13491325	0.15116352	0.09017619	0.05825932	0.03332249	0.0630805	0.02768774	0.00726814	0.01050195	0.03302642	0.01023122	0.02729276	0.09351178	0.05804256	0.06802648	0.04626818	0.08854021	0.08771128	0.03162553	0.11593685	0.05619008	0.06268721	0.16362594	0.04225952	0.07545611	0.1142699	0.12660877	0.13951093	0.0656273	0.06924465	0.06626769	0.03988001	0.05911314	0.01219877	0.00878867	0.02772271	0.04121674	0.02202678	0.00677963	0.00717027	0.01520764	0.01929591
water_tower		0.00342892	0.00498776	0.00325056	0.00594161	0.00594566	0.00788093	0.00748688	0.00695287	0.00402523	0.00324452	0.00332338	0.00133975	0.00159584	0.00194494	0.00230004	0.00245702	0.00229638	0.00252361	0.0027608	0.00271663	0.00145332	0.00243357	0.00230098	0.00271309	0.00153814	9.5666E-4	0.00114661	0.001383	0.00148857	9.1624E-4	0.00149659	0.00240736	0.0014034	0.00138463	0.00157224	0.00205334	0.0019405	0.00142501	0.00224425	0.00653047	0.00400908	0.00199694	0.00143427	0.00100522	0.00172184	0.0024023
tree_farm		9.255E-5	1.2255E-4	1.0485E-4	7.377E-5	1.0382E-4	7.846E-5	1.0923E-4	6.861E-5	7.306E-5	7.696E-5	1.2234E-4	8.067E-5	1.2541E-4	1.124E-4	1.2075E-4	1.4685E-4	1.8524E-4	2.0335E-4	1.8072E-4	2.1509E-4	1.3658E-4	1.6697E-4	1.5223E-4	9.132E-5	1.1436E-4	1.1453E-4	1.7529E-4	1.426E-4	2.2662E-4	1.8651E-4	1.4976E-4	3.7202E-4	2.2433E-4	3.7347E-4	4.7979E-4	7.1112E-4	4.7168E-4	8.3169E-4	0.00265812	0.00144078	0.00128229	0.0023248	0.00312298	0.00802241	0.00819571	0.00776615
iceberg		1.481E-5	1.865E-5	1.928E-5	3.669E-5	3.829E-5	4.734E-5	5.477E-5	7.4E-5	5.389E-5	4.435E-5	3.075E-5	1.272E-5	1.109E-5	1.651E-5	1.578E-5	1.904E-5	1.878E-5	2.3E-5	2.851E-5	3.61E-5	2.813E-5	4.738E-5	5.834E-5	5.46E-5	2.569E-5	1.608E-5	1.833E-5	3.893E-5	2.164E-5	1.394E-5	1.772E-5	1.466E-5	1.614E-5	8.25E-6	1.593E-5	1.34E-5	2.11E-5	1.38E-5	1.021E-5	1.526E-5	1.888E-5	1.92E-5	1.792E-5	9.78E-6	3.503E-5	4.478E-5
playground		0.00185753	0.00204618	0.00139927	0.00202916	0.00129709	0.00229796	0.00297517	0.00210924	0.00272293	0.00400807	0.00364896	0.00158211	0.00283562	0.00290819	0.00370984	0.00223177	0.00341579	0.00276661	0.00418337	0.00226561	0.00240175	0.00245183	0.00319538	0.00211768	0.00111207	0.00192964	0.0026242	0.00235974	0.0022691	0.00517191	0.0023507	0.00652991	0.00178197	0.00236613	0.00213372	0.00240488	0.00387676	0.00263939	0.003404	0.0036566	0.00797832	0.00350498	0.00317547	0.02353496	0.00569063	0.02428684
bamboo_forest		1.088E-5	1.53E-5	1.336E-5	1.352E-5	1.593E-5	2.091E-5	1.734E-5	1.391E-5	1.486E-5	1.54E-5	9.17E-6	9.76E-6	9.47E-6	1.271E-5	1.558E-5	2.021E-5	4.335E-5	3.068E-5	3.227E-5	4.027E-5	2.225E-5	1.56E-5	1.211E-5	1.788E-5	1.544E-5	3.627E-5	6.404E-5	1.9401E-4	2.471E-4	5.905E-5	8.686E-5	2.0648E-4	4.863E-5	4.365E-5	3.525E-5	6.126E-5	7.284E-5	4.635E-5	1.5384E-4	1.3317E-4	3.863E-5	8.573E-5	2.0244E-4	2.4607E-4	0.00146596	0.00197582
hospital		0.10351591	0.12746833	0.14540711	0.11552839	0.08390391	0.09337399	0.09936815	0.09113298	0.07688349	0.08894002	0.10920827	0.09686358	0.09140618	0.06499425	0.08381064	0.06222161	0.09510588	0.10257517	0.11830033	0.10745376	0.06597627	0.06144566	0.05650797	0.03951784	0.04160966	0.04272708	0.0642338	0.04659797	0.08748997	0.0459194	0.03614752	0.08092063	0.04346146	0.07160775	0.04458357	0.04818672	0.06216462	0.06487644	0.08559	0.09847419	0.15217419	0.097743	0.10989437	0.21620195	0.15477993	0.14509426
doorway_outdoor		0.00963844	0.00887753	0.00831215	0.00703811	0.00604681	0.00674273	0.00571815	0.00695457	0.00789312	0.00877573	0.00673055	0.0046204	0.00277905	0.00573804	0.00618793	0.00441668	0.00434058	0.00305386	0.00775355	0.0100315	0.0090965	0.00385315	0.00461702	0.0037534	0.00332021	0.00145964	9.6617E-4	0.00171925	0.00115364	0.00132514	0.00148629	0.00161071	0.00181567	0.00142337	0.00235942	0.00288896	0.00407502	0.00649625	0.0071084	0.00379275	0.00199385	0.00352222	0.00466465	0.00174529	0.00214582	0.0042482
engine_room		4.314E-5	7.077E-5	6.338E-5	7.672E-5	9.42E-5	8.16E-5	1.0893E-4	1.1556E-4	7.736E-5	7.883E-5	4.221E-5	3.192E-5	6.413E-5	5.46E-5	5.623E-5	9.133E-5	1.6157E-4	1.0247E-4	1.3435E-4	1.3516E-4	1.2461E-4	2.8242E-4	2.6827E-4	2.2618E-4	1.4354E-4	4.542E-5	4.469E-5	9.135E-5	5.022E-5	3.192E-5	4.552E-5	9.684E-5	3.008E-5	2.474E-5	6.65E-5	5.574E-5	9.774E-5	5.616E-5	5.802E-5	6.601E-5	5.714E-5	4.466E-5	6.407E-5	5.531E-5	7.974E-5	5.481E-5
gas_station		9.6841E-4	0.00141965	6.3762E-4	0.0014461	8.5056E-4	8.6444E-4	8.6665E-4	5.3622E-4	3.0266E-4	4.0689E-4	1.8048E-4	3.8255E-4	1.4702E-4	2.6023E-4	5.9169E-4	6.002E-4	5.8307E-4	0.00117166	0.00294737	0.00310071	0.00107862	0.00221329	0.00227607	0.00144083	7.1521E-4	1.0383E-4	9.027E-5	1.7852E-4	1.3014E-4	1.1881E-4	1.1336E-4	3.1037E-4	5.237E-5	8.504E-5	1.1524E-4	1.345E-4	5.216E-4	2.2818E-4	3.5523E-4	7.461E-5	5.968E-5	5.164E-5	9.768E-5	1.0662E-4	8.854E-5	2.3672E-4
baseball_field		0.05853439	0.03597862	0.05273625	0.03694255	0.03014571	0.02910014	0.02195956	0.01399658	0.00714268	0.01654711	0.00871001	0.00364086	0.00430235	0.01472318	0.00363178	0.00550585	0.0156998	0.00740359	0.01026397	0.00665173	0.01335184	0.00938753	0.00425002	0.0107229	0.00533745	0.00624039	0.01737441	0.00466174	0.00740571	0.01227643	0.01189383	0.01569098	0.01015773	0.00960495	0.00786661	0.00541586	0.00821454	0.0021949	0.00233222	0.00513463	0.00905872	0.0040768	0.00173155	0.00232273	0.00365948	0.0051978
kitchenette		2.039E-5	3.517E-5	3.223E-5	5.984E-5	7.058E-5	6.229E-5	8.302E-5	6.126E-5	6.204E-5	5.655E-5	3.553E-5	2.552E-5	2.528E-5	2.881E-5	2.545E-5	2.709E-5	2.479E-5	2.355E-5	1.792E-5	1.49E-5	2.266E-5	5.048E-5	5.202E-5	7.457E-5	5.606E-5	1.669E-5	1.233E-5	3.627E-5	2.124E-5	1.671E-5	1.37E-5	2.358E-5	1.272E-5	1.027E-5	2.16E-5	2.16E-5	3.065E-5	1.331E-5	1.67E-5	8.44E-6	9.65E-6	6.87E-6	8.3E-6	7.44E-6	8.52E-6	6.19E-6
fire_station		0.08607963	0.04310691	0.04924075	0.05433795	0.01362733	0.01441969	0.016321	0.0123809	0.0120184	0.02247399	0.01502696	0.0099146	0.0112412	0.01900554	0.00754099	0.00641112	0.00422368	0.00515033	0.00854696	0.00506936	0.01266451	0.00960095	0.0107555	0.0080512	0.0110762	0.00379564	0.00169131	0.00340857	0.00250629	0.00319307	0.00225469	0.00237949	0.00201257	0.00357806	0.00202441	0.00136969	0.00163155	0.00151794	0.00157765	7.5597E-4	8.1702E-4	5.3317E-4	9.0825E-4	7.1215E-4	0.00102345	0.00167666
topiary_garden		0.00466847	0.00261496	0.00247554	0.00212146	0.00181117	0.00212043	0.00200256	0.00205908	0.00135142	0.00139516	9.6406E-4	7.576E-4	9.5882E-4	0.00106091	0.00134814	0.00185409	0.00158198	0.00117285	0.00125358	0.00156224	0.00133893	0.00159023	0.00191594	0.00186201	0.00143216	0.00153561	0.00169429	0.00186001	0.00324111	0.00209538	0.00166327	0.0024224	0.0018334	0.00151734	0.00192468	0.00215184	0.00165721	0.00247361	0.00269504	0.00394863	0.00231827	0.00386998	0.00199323	0.00205337	0.00174992	0.0015719
rope_bridge		3.759E-5	4.487E-5	6.083E-5	4.962E-5	2.996E-5	2.536E-5	3.162E-5	2.806E-5	3.081E-5	3.22E-5	3.191E-5	1.93E-5	2.329E-5	1.86E-5	1.529E-5	1.321E-5	2.705E-5	2.104E-5	2.677E-5	1.909E-5	1.476E-5	2.784E-5	1.731E-5	3.185E-5	2.567E-5	2.598E-5	3.852E-5	3.914E-5	7.279E-5	5.37E-5	5.906E-5	4.704E-5	3.685E-5	4.449E-5	1.1081E-4	1.606E-4	1.4518E-4	2.9878E-4	4.5634E-4	0.00337185	0.00297132	0.00191201	5.9526E-4	0.00149283	4.2741E-4	6.2354E-4
mountain_snowy		7.792E-5	1.0758E-4	1.0001E-4	1.4292E-4	2.4409E-4	3.2318E-4	3.8141E-4	3.1057E-4	2.3523E-4	2.0573E-4	1.4216E-4	7.09E-5	7.3E-5	1.1924E-4	1.2522E-4	1.7323E-4	1.7922E-4	1.3576E-4	3.2306E-4	3.1642E-4	4.2224E-4	5.4086E-4	7.8516E-4	4.1039E-4	2.1836E-4	1.1395E-4	8.402E-5	1.7045E-4	9.524E-5	6.472E-5	5.416E-5	8.575E-5	9.733E-5	7.246E-5	1.0302E-4	8.782E-5	1.0747E-4	8.404E-5	1.0998E-4	6.147E-5	9.657E-5	1.9447E-4	1.3858E-4	6.31E-5	2.2724E-4	4.1524E-4
lobby		1.4707E-4	1.5655E-4	1.281E-4	9.641E-5	1.9286E-4	1.0884E-4	1.3261E-4	2.2409E-4	1.977E-4	1.6318E-4	8.967E-5	1.4551E-4	1.6967E-4	1.1323E-4	9.372E-5	9.773E-5	1.7752E-4	1.1211E-4	7.659E-5	7.183E-5	2.7107E-4	3.0752E-4	3.4516E-4	1.5333E-4	9.916E-5	1.7572E-4	2.9938E-4	3.1643E-4	5.9276E-4	2.1064E-4	3.1556E-4	5.6668E-4	4.8319E-4	5.4386E-4	6.7433E-4	9.4143E-4	6.4889E-4	3.802E-4	5.0671E-4	2.7145E-4	2.2294E-4	5.8491E-4	9.5594E-4	0.00226511	0.00142713	6.0056E-4
mausoleum		0.00638624	0.00787491	0.00825259	0.01011428	0.00503504	0.00510751	0.00298689	0.00378214	0.00462408	0.00390837	0.00517179	0.00950368	0.01226225	0.01270005	0.02139001	0.01232535	0.02485569	0.02147128	0.02603179	0.02999677	0.03680954	0.01641758	0.01607297	0.01440534	0.0124543	0.01218746	0.00926333	0.00951891	0.00700383	0.01611983	0.01790237	0.01491252	0.02459108	0.02255505	0.02672266	0.02949918	0.04606671	0.04038394	0.02563561	0.01339245	0.01025716	0.01238738	0.01981967	0.01360145	0.01739881	0.01511779
rainforest		2.616E-5	4.485E-5	3.331E-5	3.156E-5	4.125E-5	7.386E-5	4.472E-5	4.629E-5	3.915E-5	2.786E-5	2.386E-5	2.357E-5	2.247E-5	2.756E-5	2.596E-5	3.22E-5	4.689E-5	7.801E-5	1.1484E-4	1.6777E-4	7.516E-5	5.235E-5	7.334E-5	5.54E-5	3.685E-5	4.316E-5	4.204E-5	1.1008E-4	1.3533E-4	6.154E-5	6.861E-5	7.574E-5	4.506E-5	4.646E-5	9.279E-5	1.1544E-4	2.6326E-4	2.2917E-4	3.5029E-4	3.2068E-4	3.6211E-4	4.9776E-4	8.4426E-4	5.5701E-4	0.00458736	0.00992953
boardwalk		3.6146E-4	3.1666E-4	2.8578E-4	3.9785E-4	1.234E-4	2.1552E-4	1.5487E-4	2.1411E-4	1.5079E-4	2.5314E-4	1.2299E-4	7.14E-5	1.3187E-4	8.636E-5	1.5253E-4	7.436E-5	2.1281E-4	1.3982E-4	2.2633E-4	2.4532E-4	1.2769E-4	2.748E-4	1.5873E-4	1.9572E-4	1.253E-4	1.4357E-4	1.3269E-4	1.1332E-4	1.8923E-4	1.4682E-4	1.57E-4	2.5899E-4	2.3284E-4	2.3414E-4	2.8942E-4	2.5372E-4	2.3608E-4	6.0455E-4	0.00228317	0.00546729	0.00914029	0.00683868	0.00471634	0.00572433	0.00384327	0.0060545
