K;s2
1;0.055565067
2;0.04513458
3;0.041668303
4;0.03875467
5;0.03704914
6;0.03691222
7;0.035764426
8;0.03440628
9;0.03372517
10;0.032071523
11;0.032324255
12;0.031716794
13;0.031156909
14;0.030299462
15;0.030304678
16;0.029813902
17;0.02948109
18;0.029263858
19;0.02886179
20;0.029018458
21;0.028873553
22;0.027736614
23;0.027573302
24;0.027386783
25;0.028250437
26;0.026959412
27;0.027996937
28;0.027006175
29;0.026966242
30;0.02684694
31;0.026160412
32;0.02665129
33;0.027024709
34;0.02554414
35;0.025727417
36;0.02521006
37;0.025707584
38;0.02559956
39;0.025648717
40;0.024837073
41;0.025064625
42;0.02461974
43;0.024746064
44;0.024703719
45;0.024669899
46;0.024824068
47;0.024066906
48;0.024942702
49;0.02403583
50;0.02368033
51;0.024343038
52;0.024354994
53;0.02348938
54;0.023805125
55;0.023679169
56;0.023861585
57;0.023526365
58;0.023380328
59;0.023962304
60;0.023398172
61;0.023268547
62;0.022451691
63;0.023038695
64;0.022986203
65;0.023083873
66;0.022315463
67;0.022885602
68;0.023165993
69;0.022768255
70;0.02251228
71;0.022961037
72;0.02219846
73;0.022161527
74;0.02234454
75;0.022526387
76;0.022367908
77;0.022068791
78;0.021832405
79;0.021857643
80;0.02206504
81;0.02227221
82;0.022007875
83;0.021709409
84;0.022403788
85;0.022401132
86;0.02170327
87;0.021673871
88;0.021465722
89;0.021626072
90;0.021059485
91;0.021198764
92;0.021442015
93;0.020897068
94;0.021383215
95;0.021561522
96;0.020894252
97;0.021039948
98;0.021144705
99;0.021054773
100;0.021213204
101;0.020503951
102;0.02074964
103;0.020705875
104;0.020734675
105;0.020551996
106;0.020712806
107;0.020709518
108;0.0210344
109;0.02076971
110;0.020755116
111;0.020605434
112;0.020830456
113;0.020604713
114;0.020502135
115;0.020164056
116;0.020310828
117;0.020545617
118;0.019986004
119;0.020419035
120;0.020290175
121;0.02028015
122;0.020201873
123;0.020026727
124;0.019935729
125;0.020391272
126;0.020095864
127;0.020109074
128;0.020262778
129;0.020194886
130;0.020204192
131;0.01980419
132;0.01992153
133;0.020076234
134;0.019652618
135;0.019779421
136;0.019791022
137;0.019426718
138;0.019487184
139;0.019832069
140;0.019458914
141;0.018945314
142;0.019600552
143;0.02006806
144;0.019170737
145;0.01960468
146;0.019738048
147;0.019374615
148;0.019412078
149;0.01935555
150;0.019719016
151;0.019161709
152;0.018961161
153;0.019180456
154;0.01904572
155;0.019194257
156;0.019124221
157;0.01893745
158;0.018708197
159;0.018682534
160;0.018820092
161;0.019060753
162;0.019072808
163;0.018695796
164;0.018668968
165;0.018831251
166;0.018789876
167;0.018806212
168;0.018771568
169;0.018587094
170;0.01868919
171;0.0184288
172;0.01915857
173;0.01871091
174;0.018302303
175;0.01847337
176;0.018630091
177;0.01851965
178;0.018414915
179;0.018421486
180;0.018576462
181;0.018465083
182;0.01838107
183;0.018223045
184;0.01819875
185;0.017840518
186;0.018018816
187;0.01813933
188;0.01805393
189;0.018014846
190;0.018199611
191;0.01776446
192;0.018133922
193;0.017648915
194;0.017980536
195;0.017872324
196;0.018508498
197;0.01799605
198;0.018204313
199;0.017596174
200;0.01768861
201;0.018022578
202;0.017757
203;0.01798971
204;0.017848024
205;0.01793585
206;0.017508607
207;0.01778851
208;0.01754976
209;0.01787374
210;0.017812135
211;0.017825838
212;0.017836928
213;0.017595151
214;0.017790517
215;0.017502198
216;0.017543383
217;0.01719552
218;0.017183691
219;0.017627792
220;0.0173256
221;0.017538175
222;0.017504252
223;0.017902972
224;0.01811929
225;0.017263513
226;0.017628366
227;0.017281402
228;0.017200002
229;0.01720203
230;0.017343609
231;0.017320378
232;0.016963162
233;0.017328423
234;0.017100027
235;0.017354194
236;0.017546853
237;0.017193977
238;0.017133623
239;0.01710444
240;0.01682736
241;0.017330255
242;0.017209733
243;0.01695593
244;0.017159935
245;0.0169601
246;0.01731765
247;0.016505321
248;0.016642772
249;0.016971637
250;0.016764212
251;0.016908078
252;0.016876493
253;0.016617177
254;0.016712422
255;0.016654368
256;0.017109329
257;0.016930219
258;0.016863668
259;0.01676281
260;0.016449794
261;0.016610838
262;0.016714947
263;0.016442131
264;0.016639771
265;0.016581964
266;0.016698133
267;0.016466606
268;0.016313367
269;0.016637003
270;0.016275547
271;0.016487101
272;0.016634213
273;0.016422866
274;0.016163694
275;0.016174477
276;0.01621726
277;0.016177552
278;0.016330786
279;0.016535496
280;0.016324038
281;0.01607611
282;0.01650048
283;0.016253607
284;0.0160847
285;0.016159885
286;0.016002387
287;0.016502725
288;0.016089577
289;0.016067505
290;0.016329799
291;0.016417213
292;0.016156236
293;0.016191121
294;0.016235398
295;0.016276523
296;0.016262885
297;0.016300153
298;0.015965054
299;0.016032355
300;0.016021969
301;0.01617273
302;0.016030332
303;0.015932044
304;0.015962606
305;0.015847873
306;0.015685106
307;0.015894763
308;0.01609335
309;0.01592072
310;0.015825517
311;0.015950622
312;0.01586743
313;0.015632229
314;0.015608535
315;0.015656611
316;0.015580265
317;0.01586683
318;0.015556647
319;0.015781142
320;0.015385186
321;0.015446711
322;0.015583835
323;0.01569637
324;0.01578712
325;0.0151156755
326;0.015396859
327;0.015525054
328;0.015209658
329;0.015665777
330;0.015543336
331;0.015497251
332;0.0155848
333;0.015103246
334;0.015457536
335;0.01530094
336;0.015576922
337;0.015258041
338;0.015377213
339;0.015162651
340;0.01509067
341;0.015218528
342;0.015522054
343;0.015517136
344;0.015091432
345;0.015036481
346;0.015184794
347;0.0154457195
348;0.015445842
349;0.015363617
350;0.015284833
351;0.015238667
352;0.014998621
353;0.015456266
354;0.015026147
355;0.015076012
356;0.015104092
357;0.015241798
358;0.015015126
359;0.015081639
360;0.015118016
361;0.015253321
362;0.014759307
363;0.015119953
364;0.015326982
365;0.014993554
366;0.014871294
367;0.01482806
368;0.014894317
369;0.015027411
370;0.01462574
371;0.015034359
372;0.014947953
373;0.014604247
374;0.0145533765
375;0.014595828
376;0.014697248
377;0.01476698
378;0.014916283
379;0.014889917
380;0.014955737
381;0.014509633
382;0.014943724
383;0.015033462
384;0.014759774
385;0.014789162
386;0.014676486
387;0.0143142305
388;0.014341318
389;0.014558563
390;0.014795654
391;0.014595482
392;0.014632742
