K	Variance
1	0.0026729912
2	6.3048844E-4
3	3.9916422E-4
4	5.3185975E-4
5	2.7572992E-4
6	3.7436598E-4
7	2.9586355E-4
8	3.064928E-4
9	2.747586E-4
10	2.29409E-4
11	1.920712E-4
12	1.9834354E-4
13	1.7803592E-4
14	1.6695482E-4
15	1.5883506E-4
16	1.399245E-4
17	1.3130474E-4
18	1.258052E-4
19	1.1736967E-4
20	1.08760985E-4
21	9.818038E-5
22	9.9195204E-5
23	9.146794E-5
24	8.6683795E-5
25	8.381388E-5
26	8.060126E-5
27	7.8620375E-5
28	7.3271345E-5
29	7.079348E-5
30	7.544247E-5
31	6.82657E-5
32	6.7030334E-5
33	6.349341E-5
34	6.107979E-5
35	6.134618E-5
36	5.8865196E-5
37	5.7134057E-5
38	5.5447494E-5
39	5.401503E-5
40	5.6092995E-5
41	5.2103824E-5
42	5.1296207E-5
43	4.9252947E-5
44	4.8304617E-5
45	4.630126E-5
46	4.6909026E-5
47	4.6784313E-5
48	4.5880744E-5
49	4.4940884E-5
50	4.3706765E-5
51	4.2434203E-5
52	4.2045627E-5
53	4.080207E-5
54	4.0011244E-5
55	4.1480474E-5
56	3.8985847E-5
57	3.808004E-5
58	3.7849153E-5
59	3.713238E-5
60	3.6203506E-5
61	3.5816585E-5
62	3.621405E-5
63	3.5046804E-5
64	3.4042878E-5
65	3.4284574E-5
66	3.3009466E-5
67	3.3493212E-5
68	3.233139E-5
69	3.19597E-5
70	3.288942E-5
71	3.1893087E-5
72	3.117484E-5
73	3.1247346E-5
74	2.9648661E-5
75	2.9946654E-5
76	2.8951956E-5
77	2.8988858E-5
78	2.8701974E-5
79	2.8319759E-5
80	2.9209497E-5
81	2.732595E-5
82	2.7852091E-5
83	2.6991138E-5
84	2.6531126E-5
85	2.5967685E-5
86	2.6389705E-5
87	2.7617052E-5
88	2.5943862E-5
89	2.5342719E-5
90	2.5278165E-5
91	2.4905836E-5
92	2.5212685E-5
93	2.468737E-5
94	2.4243776E-5
95	2.5502712E-5
96	2.4096546E-5
97	2.3640789E-5
98	2.3184186E-5
99	2.3217395E-5
100	2.2370163E-5
101	2.2693344E-5
102	2.2231663E-5
103	2.3029457E-5
104	2.1866705E-5
105	2.1967891E-5
106	2.1786525E-5
107	2.1683443E-5
108	2.1333071E-5
109	2.0751932E-5
110	2.1540533E-5
111	2.1013924E-5
112	2.064951E-5
113	2.0979764E-5
114	2.046293E-5
115	2.0771842E-5
116	2.042009E-5
117	1.98237E-5
118	2.010621E-5
119	1.9502837E-5
120	1.9449739E-5
121	1.9212746E-5
122	1.9513662E-5
123	1.808142E-5
124	1.8745868E-5
125	1.678456E-5
126	1.7292998E-5
127	1.846952E-5
128	1.83862E-5
129	1.8055029E-5
130	1.8134959E-5
131	1.8115526E-5
132	1.628479E-5
133	1.826103E-5
134	1.7081276E-5
135	1.7923427E-5
136	1.7016635E-5
137	1.7460674E-5
138	1.6270795E-5
139	1.5505031E-5
140	1.5700949E-5
141	1.6988051E-5
142	1.6985285E-5
143	1.557764E-5
144	1.5106576E-5
145	1.6520526E-5
146	1.5816377E-5
147	1.6494532E-5
148	1.6289672E-5
149	1.4944825E-5
150	1.4521727E-5
151	1.4657356E-5
152	1.5094995E-5
153	1.5572596E-5
154	1.5671898E-5
155	1.5073064E-5
156	1.4719533E-5
157	1.4228628E-5
158	1.5737047E-5
159	1.42721565E-5
160	1.5631118E-5
161	1.47175015E-5
162	1.4857397E-5
163	1.3686256E-5
164	1.4734755E-5
165	1.3232074E-5
166	1.4334114E-5
167	1.414651E-5
168	1.2862375E-5
169	1.3134634E-5
170	1.2622533E-5
171	1.3067439E-5
172	1.30716335E-5
173	1.27709245E-5
174	1.3838697E-5
175	1.2862038E-5
176	1.3640988E-5
177	1.2803644E-5
178	1.27312815E-5
179	1.2708787E-5
180	1.30040735E-5
181	1.3382488E-5
182	1.3630946E-5
183	1.2953826E-5
184	1.31266515E-5
185	1.302824E-5
186	1.2846257E-5
187	1.2578298E-5
188	1.2543355E-5
189	1.2799765E-5
190	1.1633106E-5
191	1.2658236E-5
192	1.1377812E-5
193	1.1744762E-5
194	1.3248052E-5
195	1.15750745E-5
196	1.2256505E-5
197	1.128479E-5
198	1.1563194E-5
199	1.1449971E-5
200	1.1348303E-5
201	1.1477637E-5
202	1.1783257E-5
203	1.08161175E-5
204	1.0675229E-5
205	1.1766062E-5
206	1.1241838E-5
207	1.13741935E-5
208	1.17138425E-5
209	1.0677253E-5
210	1.1743198E-5
211	1.1126499E-5
212	1.020691E-5
213	9.766624E-6
214	9.456309E-6
215	1.1457811E-5
216	1.0703462E-5
217	1.0545455E-5
218	9.8316605E-6
219	1.091605E-5
220	1.1260232E-5
221	9.895481E-6
222	1.0956357E-5
223	1.0247202E-5
224	1.0685755E-5
225	9.411819E-6
226	1.02756785E-5
227	9.502682E-6
228	1.0854424E-5
229	9.679023E-6
230	9.514549E-6
231	1.0357028E-5
232	9.618335E-6
233	1.0402801E-5
234	9.736529E-6
235	9.799401E-6
236	9.320633E-6
237	9.835883E-6
238	9.497601E-6
239	9.746414E-6
240	9.682738E-6
241	9.211689E-6
242	9.8356395E-6
243	1.0176709E-5
244	9.462289E-6
245	9.326088E-6
246	9.642802E-6
247	8.44618E-6
248	9.186182E-6
249	9.181108E-6
250	8.445261E-6
251	8.807496E-6
252	8.870448E-6
253	9.042575E-6
254	8.815583E-6
255	8.421187E-6
256	8.812543E-6
257	8.367166E-6
258	8.398989E-6
259	8.560043E-6
260	8.692961E-6
261	8.210828E-6
262	8.329877E-6
263	8.1072285E-6
264	8.279176E-6
265	8.469353E-6
266	8.922368E-6
267	8.417997E-6
268	8.644307E-6
269	8.328085E-6
270	8.448093E-6
271	8.275281E-6
272	7.761843E-6
273	8.075943E-6
274	8.0672135E-6
275	8.056114E-6
276	8.415521E-6
277	8.269026E-6
278	7.609234E-6
279	7.78698E-6
280	8.349026E-6
281	8.232193E-6
282	8.077664E-6
283	7.7463155E-6
284	7.796196E-6
285	7.881827E-6
286	7.71429E-6
287	7.549351E-6
288	7.564133E-6
289	7.441216E-6
290	8.169164E-6
291	7.742238E-6
292	7.2842195E-6
293	7.409816E-6
294	7.4576883E-6
295	7.445479E-6
296	8.182687E-6
297	7.364763E-6
298	6.8558033E-6
299	7.1050563E-6
300	6.784746E-6
301	7.771078E-6
302	7.902015E-6
303	8.299772E-6
304	7.2614444E-6
305	7.836854E-6
306	6.9673333E-6
307	7.077711E-6
308	7.24593E-6
309	7.0438346E-6
310	6.5956947E-6
311	7.273864E-6
312	7.424024E-6
313	7.561697E-6
314	7.20892E-6
315	6.865133E-6
316	6.777123E-6
317	6.6410234E-6
318	6.757386E-6
319	6.4194337E-6
320	7.0721353E-6
321	7.1215336E-6
322	6.6090593E-6
323	7.098191E-6
324	6.249916E-6
325	6.4271762E-6
326	6.1946844E-6
327	7.1047066E-6
328	6.835681E-6
329	6.790331E-6
330	6.767689E-6
331	6.640887E-6
332	6.801157E-6
333	6.646449E-6
334	6.950316E-6
335	6.41914E-6
336	6.9185894E-6
337	6.3081357E-6
338	6.651478E-6
339	6.4341E-6
340	6.269351E-6
341	6.4237606E-6
342	6.306232E-6
343	5.97155E-6
344	6.1857377E-6
345	6.3025377E-6
346	5.9446447E-6
347	6.2176036E-6
348	6.224461E-6
349	6.1132473E-6
350	5.8875703E-6
351	6.3238654E-6
352	6.287296E-6
353	5.743674E-6
354	5.945186E-6
355	5.9741346E-6
356	6.1413734E-6
357	6.0665902E-6
358	5.8660303E-6
359	5.6434715E-6
360	5.5764795E-6
361	5.7518187E-6
362	5.996415E-6
363	5.7292937E-6
364	5.8791934E-6
365	5.8125147E-6
366	5.446582E-6
367	5.905476E-6
368	5.737094E-6
369	6.0417287E-6
370	5.6743866E-6
371	5.7794773E-6
372	6.0540183E-6
373	5.8053256E-6
374	5.7733987E-6
375	5.856903E-6
376	5.6090666E-6
377	5.821784E-6
378	5.603131E-6
379	5.6676117E-6
380	5.6218273E-6
381	5.0532553E-6
382	5.93639E-6
383	5.243292E-6
384	5.292142E-6
385	5.6487506E-6
386	5.373422E-6
387	5.234157E-6
388	5.177607E-6
389	5.5312557E-6
390	5.433955E-6
391	5.524783E-6
392	5.449189E-6
393	5.5222563E-6
394	5.221942E-6
395	5.41093E-6
396	5.4014836E-6
397	5.425783E-6
398	5.5364803E-6
399	4.9774003E-6
400	5.4842412E-6
401	5.0466456E-6
402	5.262222E-6
403	5.3166896E-6
404	5.4213306E-6
405	5.245296E-6
406	4.9871264E-6
407	5.063478E-6
408	5.2826695E-6
409	5.0736658E-6
410	5.0395415E-6
411	5.015612E-6
412	4.917491E-6
413	5.0786857E-6
414	4.7346425E-6
415	5.070593E-6
416	5.337921E-6
417	5.121594E-6
418	5.352361E-6
419	5.029065E-6
420	5.050893E-6
421	4.7245294E-6
422	5.250185E-6
423	4.4559406E-6
424	4.8589586E-6
425	4.791457E-6
426	4.62873E-6
427	4.8308457E-6
428	5.0774547E-6
429	4.96171E-6
430	4.386697E-6
431	4.795359E-6
432	4.6523746E-6
433	5.26854E-6
434	4.725912E-6
435	4.8608576E-6
436	4.9384043E-6
437	4.940516E-6
438	4.7309295E-6
439	5.083866E-6
440	5.0598323E-6
441	4.6373075E-6
442	5.013656E-6
443	4.9594923E-6
444	4.1082694E-6
445	4.2902752E-6
446	4.675074E-6
447	4.7887E-6
448	4.705731E-6
449	4.7372437E-6
450	4.465804E-6
451	4.6275413E-6
452	4.357736E-6
453	4.4519056E-6
454	4.7031685E-6
455	4.5631277E-6
456	4.350752E-6
457	4.7411495E-6
458	4.6321666E-6
459	4.1272983E-6
460	4.3763093E-6
461	4.4624994E-6
462	4.3630716E-6
463	4.1653893E-6
464	4.5034085E-6
465	4.475675E-6
466	4.4157205E-6
467	4.2714523E-6
468	4.8811557E-6
469	4.3090267E-6
470	4.353351E-6
471	4.402313E-6
472	4.213198E-6
473	4.632339E-6
474	3.8881008E-6
475	4.311457E-6
476	4.1920503E-6
477	3.9810484E-6
478	4.380532E-6
479	4.5277297E-6
480	4.0493546E-6
481	4.1363537E-6
482	4.17264E-6
483	4.345838E-6
484	4.666027E-6
485	4.347446E-6
486	3.6018093E-6
487	4.1751955E-6
488	4.5409465E-6
489	4.2484457E-6
490	4.210257E-6
491	4.112511E-6
492	3.7575833E-6
493	4.3177893E-6
494	3.989928E-6
495	4.4140606E-6
496	4.0554514E-6
497	3.7961318E-6
498	4.031769E-6
499	3.5833875E-6
500	3.7197926E-6
501	3.8244943E-6
502	3.8421776E-6
503	3.8478056E-6
504	4.047643E-6
505	3.4460686E-6
506	3.8641465E-6
507	3.929817E-6
508	4.0064433E-6
509	4.06175E-6
510	3.966781E-6
511	3.7194386E-6
512	4.0141713E-6
513	3.6182792E-6
514	3.7944485E-6
515	3.4824764E-6
516	3.923476E-6
517	3.6088545E-6
518	4.177239E-6
519	4.0227737E-6
520	3.7875097E-6
521	3.319904E-6
522	3.5682385E-6
523	4.0078926E-6
524	4.145849E-6
525	4.1020166E-6
526	3.549209E-6
527	3.7721595E-6
528	3.9061406E-6
529	3.663189E-6
530	3.9355314E-6
531	3.9076067E-6
532	3.700206E-6
533	3.4292711E-6
534	3.8409953E-6
535	3.771936E-6
536	3.5253756E-6
537	3.4882962E-6
538	3.486212E-6
539	3.734956E-6
540	3.7981274E-6
541	3.3675E-6
542	3.9647307E-6
543	3.5839719E-6
544	3.018399E-6
545	3.7268512E-6
546	4.0085033E-6
547	3.746586E-6
548	3.6380109E-6
549	3.1173215E-6
550	3.589244E-6
551	3.3795059E-6
552	3.4592385E-6
553	3.7449129E-6
554	3.020346E-6
555	3.677786E-6
556	3.1943525E-6
557	3.7832979E-6
558	3.0538822E-6
559	3.4916825E-6
560	3.4240518E-6
561	3.5186429E-6
562	3.4134707E-6
563	2.9128767E-6
564	3.6928916E-6
565	3.3789659E-6
566	3.315496E-6
567	3.2407638E-6
568	3.996656E-6
569	3.3246552E-6
570	3.496455E-6
571	3.0242338E-6
572	3.2227686E-6
573	3.2343671E-6
574	3.2287967E-6
575	3.6513113E-6
576	3.3348772E-6
577	3.3243746E-6
578	2.9807481E-6
579	3.3104322E-6
580	3.202267E-6
581	3.1705E-6
582	3.158315E-6
583	3.1544942E-6
584	2.8488437E-6
585	3.43851E-6
586	3.023313E-6
587	3.148455E-6
588	3.299513E-6
589	3.3414137E-6
590	3.3106835E-6
591	3.1928098E-6
592	3.066747E-6
593	3.574163E-6
594	2.7780366E-6
595	3.0986446E-6
596	3.2398193E-6
597	3.0099843E-6
598	2.873621E-6
599	3.0671367E-6
600	3.0402846E-6
601	3.1092707E-6
602	2.9759346E-6
603	2.8680527E-6
604	3.206664E-6
605	2.9901069E-6
606	2.856096E-6
607	3.0885542E-6
608	2.9451835E-6
609	2.6678713E-6
610	3.1388515E-6
611	3.1382865E-6
612	2.9132868E-6
613	2.752962E-6
614	2.7137187E-6
615	2.9651158E-6
616	3.0595652E-6
617	3.067796E-6
618	3.1014724E-6
619	3.2315465E-6
620	3.2561113E-6
621	3.1459124E-6
622	3.204678E-6
623	2.716761E-6
624	2.6562773E-6
625	2.8062861E-6
626	2.6798714E-6
627	3.4508641E-6
628	2.9830626E-6
629	2.9870243E-6
630	2.6297666E-6
631	2.7089927E-6
632	2.5899183E-6
633	2.8167742E-6
634	3.0217668E-6
635	2.9776313E-6
636	2.8539976E-6
637	2.5450545E-6
638	2.833951E-6
639	2.9558691E-6
640	2.807905E-6
641	2.8410147E-6
642	2.7118597E-6
643	2.7028957E-6
644	2.4647095E-6
645	2.4402273E-6
646	2.5528618E-6
647	2.9955456E-6
648	2.484339E-6
649	2.5971897E-6
650	2.864926E-6
651	2.6067494E-6
652	2.72824E-6
653	2.6192515E-6
654	2.4741632E-6
655	2.7113156E-6
656	2.362844E-6
657	2.6988384E-6
658	2.3820382E-6
659	2.9926819E-6
660	2.7069225E-6
661	2.7728058E-6
662	2.6682476E-6
663	2.8057486E-6
664	2.9853443E-6
665	2.4773726E-6
666	2.4204817E-6
667	2.518127E-6
668	2.5975103E-6
669	2.4101255E-6
670	2.7570973E-6
671	2.3425046E-6
672	2.5101854E-6
673	2.4381943E-6
674	2.388362E-6
675	2.9823025E-6
676	2.4770854E-6
677	2.237969E-6
678	2.395169E-6
679	3.0000208E-6
680	2.422845E-6
681	2.6285609E-6
682	2.981489E-6
683	2.5468E-6
684	2.34187E-6
685	2.338543E-6
686	2.653643E-6
687	2.543516E-6
688	2.507778E-6
689	2.543746E-6
690	2.608778E-6
691	2.3893872E-6
692	2.2484294E-6
693	2.616763E-6
694	2.9084447E-6
695	2.5098768E-6
696	2.4986266E-6
697	2.2690579E-6
698	2.6910232E-6
699	2.8521663E-6
700	2.6369585E-6
701	2.217383E-6
702	2.2943861E-6
703	2.3265563E-6
704	2.4952944E-6
705	2.406612E-6
706	2.3175112E-6
707	2.4256838E-6
708	2.22856E-6
709	2.2348486E-6
710	2.3075127E-6
711	2.5401575E-6
712	2.4541732E-6
713	2.2049983E-6
714	2.4424255E-6
715	2.173645E-6
716	2.271514E-6
717	2.1466549E-6
718	2.4625588E-6
719	2.5830052E-6
720	2.3594607E-6
721	2.411094E-6
722	2.2201705E-6
723	2.2475283E-6
724	2.3471982E-6
725	2.3174143E-6
726	2.392863E-6
727	2.4377393E-6
728	2.447512E-6
729	2.309488E-6
730	2.1045462E-6
731	1.9830725E-6
732	2.64371E-6
733	2.320107E-6
734	2.0580683E-6
735	2.1710441E-6
736	2.2735671E-6
737	2.1488313E-6
738	2.1817339E-6
739	2.057778E-6
740	2.2845777E-6
741	2.1144751E-6
742	2.2659954E-6
743	2.245306E-6
744	2.243014E-6
745	2.573306E-6
746	2.156874E-6
747	2.0152145E-6
748	2.1521134E-6
749	2.417183E-6
750	2.0874777E-6
751	2.052909E-6
752	2.07065E-6
753	2.1653698E-6
754	2.0437371E-6
755	2.4333604E-6
756	2.4158687E-6
757	2.0613663E-6
758	2.0058098E-6
759	2.072113E-6
760	2.2970912E-6
761	1.949526E-6
762	2.1610492E-6
763	1.958851E-6
764	1.9246481E-6
765	2.3215173E-6
766	1.9787446E-6
767	2.108853E-6
768	2.0876382E-6
769	1.9747E-6
770	2.1578544E-6
771	2.1465405E-6
772	2.0794762E-6
773	2.1842964E-6
774	2.1546332E-6
775	2.0663254E-6
776	1.973037E-6
777	1.9331123E-6
778	1.983543E-6
779	2.2329089E-6
780	1.9819815E-6
781	1.925383E-6
782	2.1760063E-6
783	1.975959E-6
784	1.8993334E-6
785	2.0190691E-6
786	2.2647484E-6
787	2.0189498E-6
788	2.2455083E-6
789	2.1496523E-6
790	1.9997417E-6
791	1.8579783E-6
792	2.1485198E-6
793	1.9029699E-6
794	1.8311162E-6
795	1.9602326E-6
796	1.9706508E-6
797	1.9589074E-6
798	1.941408E-6
799	1.8843539E-6
800	2.0623916E-6
801	2.0490445E-6
802	1.885926E-6
803	1.9214754E-6
804	2.0299472E-6
805	1.9797644E-6
806	1.9877275E-6
807	1.8513717E-6
808	1.8092193E-6
809	1.8978922E-6
810	1.9670947E-6
811	2.0800076E-6
812	1.9206914E-6
813	1.7855945E-6
814	1.8011259E-6
815	2.1663573E-6
816	1.9262006E-6
817	2.085219E-6
818	1.8107164E-6
819	2.0339346E-6
820	1.7956094E-6
821	1.7210446E-6
822	1.7722904E-6
823	1.8147285E-6
824	1.8342549E-6
825	1.9548079E-6
826	1.7256674E-6
827	1.9222234E-6
828	1.8048272E-6
829	1.8157555E-6
830	1.7606974E-6
831	1.768016E-6
832	1.7534625E-6
833	1.8033584E-6
834	1.7628726E-6
835	1.9208023E-6
836	1.8425375E-6
837	1.8119025E-6
838	1.6537323E-6
839	1.680868E-6
840	1.7701149E-6
841	2.0329878E-6
842	2.2389308E-6
843	1.750762E-6
844	1.8222198E-6
845	1.8093267E-6
846	1.8721286E-6
847	1.7408031E-6
848	1.950243E-6
849	1.7773933E-6
850	1.6752342E-6
851	1.8483059E-6
852	1.9052148E-6
853	1.6955898E-6
854	1.7293264E-6
855	1.7814833E-6
856	1.7217161E-6
857	1.8472681E-6
858	1.7388259E-6
859	1.8575098E-6
860	1.7068716E-6
861	1.6770562E-6
862	1.7676045E-6
863	1.7639295E-6
864	1.8461419E-6
865	1.7864703E-6
866	1.6282189E-6
867	1.8537523E-6
868	1.7491867E-6
869	1.8596533E-6
870	1.7248892E-6
871	1.6465616E-6
872	1.6711734E-6
873	1.9282293E-6
874	1.60793E-6
875	1.6398814E-6
876	1.7013521E-6
877	1.759688E-6
878	1.7388637E-6
879	1.66971E-6
880	1.6318128E-6
881	1.6858764E-6
882	1.6720525E-6
883	1.5836338E-6
884	1.558019E-6
885	1.7784498E-6
886	1.5710382E-6
887	1.6067792E-6
888	1.6446445E-6
889	1.5912942E-6
890	1.6017659E-6
891	1.6628187E-6
892	1.7990815E-6
893	1.5422197E-6
894	1.623295E-6
895	1.6788905E-6
896	1.6453803E-6
897	1.5666213E-6
898	1.632086E-6
899	1.7630506E-6
900	1.5891068E-6
901	1.5202725E-6
902	1.7656752E-6
903	1.6723279E-6
904	1.599909E-6
905	1.6423811E-6
906	1.5845953E-6
907	1.5694623E-6
908	1.6714159E-6
909	1.7046733E-6
910	1.5966751E-6
911	1.8120137E-6
912	1.5955412E-6
913	1.5571976E-6
914	1.539035E-6
915	1.5152822E-6
916	1.6070954E-6
917	1.5521497E-6
918	1.6517945E-6
919	1.5237124E-6
920	1.4512113E-6
921	1.5382138E-6
922	1.6171168E-6
923	1.6253389E-6
924	1.5837625E-6
925	1.6038662E-6
926	1.7095126E-6
927	1.4992617E-6
928	1.4859748E-6
929	1.5064396E-6
930	1.5572055E-6
931	1.4753531E-6
932	1.5962755E-6
933	1.5156647E-6
934	1.4931752E-6
935	1.5408161E-6
936	1.5890384E-6
937	1.4437699E-6
938	1.4582552E-6
939	1.5711603E-6
940	1.5491217E-6
941	1.5759288E-6
942	1.6276105E-6
943	1.4361053E-6
944	1.4869277E-6
945	1.4409708E-6
946	1.4789787E-6
947	1.6021E-6
948	1.5649683E-6
949	1.5023062E-6
950	1.4593622E-6
951	1.3771484E-6
952	1.4080385E-6
953	1.4810025E-6
954	1.468401E-6
955	1.4915506E-6
956	1.5764915E-6
957	1.528017E-6
958	1.413518E-6
959	1.4284548E-6
960	1.4842658E-6
961	1.383231E-6
962	1.4316328E-6
963	1.4328481E-6
964	1.457835E-6
965	1.4887642E-6
966	1.507615E-6
967	1.4199907E-6
968	1.4415762E-6
969	1.4364875E-6
970	1.4976736E-6
971	1.3603237E-6
972	1.4920803E-6
973	1.386849E-6
974	1.4046873E-6
975	1.4513116E-6
976	1.4484142E-6
977	1.414098E-6
978	1.4410138E-6
979	1.4265273E-6
980	1.406117E-6
981	1.4065536E-6
982	1.450407E-6
983	1.4479235E-6
984	1.4619161E-6
985	1.519612E-6
986	1.4598002E-6
987	1.4786023E-6
988	1.375148E-6
989	1.3668811E-6
990	1.4482281E-6
991	1.4168219E-6
992	1.2972495E-6
993	1.4362458E-6
994	1.4180296E-6
995	1.3511807E-6
996	1.3635209E-6
997	1.4809367E-6
998	1.4738686E-6
999	1.4426201E-6
1000	1.4166052E-6
