K;s2
1;0.4092179
2;0.2733541
3;0.21913932
4;0.20139945
5;0.18737145
6;0.16840994
7;0.15359648
8;0.14794397
9;0.13698968
10;0.1289909
11;0.13308375
12;0.1271514
13;0.12063679
14;0.12450403
15;0.11877867
16;0.111006364
17;0.10300864
18;0.099842615
19;0.106302775
20;0.102866836
21;0.096838035
22;0.0910253
23;0.09418783
24;0.09302858
25;0.087721
26;0.08454708
27;0.088003375
28;0.08916995
29;0.08525143
30;0.08102438
31;0.08669114
32;0.08299146
33;0.07722912
34;0.07738043
35;0.07753021
36;0.077085085
37;0.07793751
38;0.07848229
39;0.07896724
40;0.07135493
41;0.074428014
42;0.07303842
43;0.07336687
44;0.07249406
45;0.067312814
46;0.06783069
47;0.07088202
48;0.06866321
49;0.06869676
50;0.06518173
51;0.065591514
52;0.07069125
53;0.06501174
54;0.067231864
55;0.063916646
56;0.06594531
57;0.06127644
58;0.06560314
59;0.064510934
60;0.06682755
61;0.06422335
62;0.058174267
63;0.06338514
64;0.06372041
65;0.05797826
66;0.061091714
67;0.05767098
68;0.06083566
69;0.059776764
70;0.057618722
71;0.059967373
72;0.060228325
73;0.057977594
74;0.061246786
75;0.05847143
76;0.058764946
77;0.05941135
78;0.059483122
79;0.055969056
80;0.05695772
81;0.058706574
82;0.054138314
83;0.056573108
84;0.054837182
85;0.056250226
86;0.05573428
87;0.05362733
88;0.054931782
89;0.055709228
90;0.051054347
91;0.05522234
92;0.055636577
93;0.052340955
94;0.05298377
95;0.054322574
96;0.052461963
97;0.05044069
98;0.05440987
99;0.050935745
100;0.049819555
101;0.050697453
102;0.049322605
103;0.05203201
104;0.05002744
105;0.050306924
106;0.051896147
107;0.051055357
108;0.048435014
109;0.050401736
110;0.05137007
111;0.0496451
112;0.050286233
113;0.04905571
114;0.048899114
115;0.048648965
116;0.051142804
117;0.048091654
118;0.0479656
119;0.048553493
120;0.04745309
121;0.0476332
122;0.048687495
123;0.046668485
124;0.045401707
125;0.04689682
126;0.048359506
127;0.046767905
128;0.046112996
129;0.04742543
130;0.044825856
131;0.046806604
132;0.045818437
133;0.0480083
134;0.046353735
135;0.047052532
136;0.045765355
137;0.044964135
138;0.045308582
139;0.04562214
140;0.046030104
141;0.043652937
142;0.043690726
143;0.04541738
144;0.044444736
145;0.043950252
146;0.045424424
147;0.044735495
148;0.044973325
149;0.04293257
150;0.043937307
151;0.043627117
152;0.042029724
153;0.045875218
154;0.04297266
155;0.043476075
156;0.04256678
157;0.04440185
158;0.04235887
159;0.042973135
160;0.04208224
161;0.04309795
162;0.041641727
163;0.043155972
164;0.03879201
165;0.041688107
166;0.04227196
167;0.04206266
168;0.042385828
169;0.041813012
170;0.039190758
171;0.042508442
172;0.041298706
173;0.041673884
174;0.041883588
175;0.040455796
176;0.04209376
177;0.040770497
178;0.041227084
179;0.0414719
180;0.040767185
181;0.04154847
182;0.041768927
183;0.040727034
184;0.04012744
185;0.040724274
186;0.03907848
187;0.04016411
188;0.039990492
189;0.039965916
190;0.039972994
191;0.04109176
192;0.039490085
193;0.03992626
194;0.03969599
195;0.03835997
196;0.037534226
197;0.039711773
198;0.03873138
199;0.03736386
200;0.039359525
201;0.039205648
202;0.038376182
203;0.038953975
204;0.03866935
205;0.03837686
206;0.037867054
207;0.03837412
208;0.03765343
209;0.037958447
210;0.039656416
211;0.037333474
212;0.038583558
213;0.038222037
214;0.03830082
215;0.038356673
216;0.037087854
217;0.036688905
218;0.036438957
219;0.03693222
220;0.037205614
221;0.037405618
222;0.03779886
223;0.03763287
224;0.038995147
225;0.037484117
226;0.03685405
227;0.03622794
228;0.037289005
229;0.036451973
230;0.0375626
231;0.035385534
232;0.034991354
233;0.036043808
234;0.037205048
235;0.037549946
236;0.034560144
237;0.03564427
238;0.035382003
239;0.036157142
240;0.037038505
241;0.036317136
242;0.03622856
243;0.035507746
244;0.035568096
245;0.033765636
246;0.035761934
247;0.034390535
248;0.034929488
249;0.03495187
250;0.035609026
251;0.034809653
252;0.034781285
253;0.03503347
254;0.03533219
255;0.035316296
256;0.035970747
257;0.03469532
258;0.03527701
259;0.034631785
260;0.03399159
261;0.03423238
262;0.033741094
263;0.03610724
264;0.035026077
265;0.033908084
266;0.033779237
267;0.03542219
268;0.033649504
269;0.033711012
270;0.033511326
271;0.0335129
272;0.03290128
273;0.033472925
274;0.033567052
275;0.034318868
276;0.033004165
277;0.033281382
278;0.03311412
279;0.034585726
280;0.03205668
281;0.034382846
282;0.03425787
283;0.033377312
284;0.033299528
285;0.032629
286;0.031997066
287;0.034665704
288;0.03327364
289;0.033395983
290;0.03384619
291;0.032870032
292;0.032165978
293;0.033561625
294;0.032692693
295;0.03350443
296;0.032430343
297;0.032624975
298;0.032721087
299;0.03213073
300;0.03228059
301;0.03276999
302;0.03192204
303;0.03255582
304;0.032164533
305;0.032452334
306;0.0326928
307;0.031345125
308;0.032468528
309;0.032053746
310;0.03154865
311;0.03157826
312;0.032390516
313;0.031643342
314;0.03181571
315;0.031504694
316;0.030499512
317;0.03139375
318;0.032125127
319;0.03213572
320;0.031521443
321;0.031931393
322;0.031662095
323;0.03140305
324;0.031922817
325;0.031252153
326;0.03174161
327;0.032034136
328;0.03088351
329;0.0307177
330;0.030533291
331;0.031143906
332;0.0310608
333;0.03087688
334;0.030600652
335;0.03075421
336;0.03095293
337;0.030067477
338;0.031519324
339;0.030842727
340;0.030666267
341;0.030257078
342;0.029867228
343;0.030875951
344;0.029960284
345;0.030861698
346;0.030407768
347;0.030863086
348;0.030653432
349;0.03041119
350;0.02958517
351;0.030798336
352;0.030102292
353;0.030685397
354;0.029429432
355;0.029656384
356;0.030436184
357;0.029616076
358;0.029971616
359;0.029227491
360;0.029545005
361;0.028926909
362;0.029504236
363;0.029285088
364;0.029130345
365;0.029342044
366;0.029920824
367;0.02987687
368;0.029276116
369;0.029442986
370;0.029327389
371;0.028986357
372;0.02920293
373;0.029259335
374;0.030317027
375;0.028947392
376;0.029393608
377;0.028892202
378;0.028994067
379;0.028921632
380;0.029204406
381;0.028879697
382;0.029477665
383;0.028489744
384;0.029518865
385;0.028635496
386;0.029210215
387;0.028703652
388;0.028624808
389;0.028652735
390;0.027981618
391;0.028206004
392;0.028468408
393;0.02786616
394;0.028670665
395;0.027837854
396;0.027973153
397;0.028219981
398;0.028190764
399;0.027547276
400;0.028228844
401;0.028838646
402;0.028532112
403;0.027732572
404;0.028361434
405;0.02808748
406;0.027517827
407;0.028402328
408;0.02802309
409;0.028474988
410;0.02764068
411;0.028141586
412;0.027638614
413;0.028486313
414;0.027700014
415;0.027753154
416;0.027861044
417;0.027993485
418;0.02653576
419;0.027027417
420;0.027207488
421;0.026718423
422;0.027694417
423;0.027067108
424;0.027111925
425;0.027514603
426;0.02714735
427;0.027110029
428;0.02761878
429;0.02693079
430;0.027049879
431;0.026831634
432;0.026781434
433;0.027354013
434;0.027515708
435;0.026592927
436;0.026212983
437;0.026881818
438;0.026907919
439;0.026862813
440;0.026590347
441;0.026970461
442;0.026597574
443;0.026922561
444;0.027179217
445;0.027213851
446;0.02664711
447;0.0272655
448;0.027243422
449;0.026389243
450;0.026750816
451;0.025958393
452;0.026196454
453;0.026834859
454;0.027314726
455;0.026529064
456;0.026082005
457;0.026033679
458;0.0265533
459;0.026640188
460;0.025914231
461;0.026344918
462;0.026000638
463;0.026330298
464;0.02587575
465;0.025910333
466;0.026007928
467;0.025932677
468;0.025795912
469;0.025507824
470;0.02597047
471;0.026100155
472;0.025411205
473;0.02578891
474;0.026333382
475;0.025458558
476;0.026102506
477;0.025331786
478;0.025608504
479;0.025508305
480;0.025204875
481;0.025989395
482;0.025954196
483;0.025393162
484;0.0246413
485;0.024832739
486;0.025389276
487;0.02479896
488;0.024998559
489;0.024916794
490;0.025293276
491;0.024892755
492;0.025139371
493;0.025365222
494;0.025829397
495;0.024808036
496;0.025455516
497;0.024921168
498;0.024987988
499;0.024903523
500;0.025226535
501;0.025273679
502;0.024626793
503;0.024874974
504;0.0242424
505;0.024883768
506;0.025390351
507;0.024646604
508;0.024528533
509;0.024895608
510;0.024891159
511;0.024281938
512;0.024805551
513;0.024360003
514;0.024762882
515;0.02423992
516;0.024575789
517;0.024100468
518;0.024114747
519;0.023939999
520;0.024125485
521;0.024766536
522;0.024451448
523;0.024312938
524;0.024324859
525;0.023592569
526;0.024244891
527;0.02424812
528;0.02461125
529;0.023798915
530;0.024149751
531;0.024100643
532;0.024626642
533;0.02419225
534;0.023584694
535;0.023574451
536;0.023760816
537;0.02410978
538;0.024349546
539;0.024128279
540;0.023991546
541;0.023969956
542;0.02398086
543;0.024093715
544;0.024384871
545;0.02357289
546;0.023036225
547;0.023528919
548;0.023363622
549;0.023185864
550;0.023709415
551;0.023241205
552;0.02327201
553;0.023628388
554;0.023810958
555;0.023332596
556;0.023451712
557;0.023261154
558;0.023304166
559;0.023811592
560;0.023473823
561;0.023540337
562;0.023757357
563;0.023494942
564;0.023193868
565;0.023206256
566;0.023128921
567;0.023799026
568;0.023234202
569;0.023303265
570;0.022999153
571;0.022804895
572;0.02267263
573;0.023565622
574;0.022923546
575;0.022988845
576;0.022214228
577;0.023276927
578;0.02314006
579;0.022625133
580;0.022736698
581;0.02259753
582;0.022823188
583;0.022902891
584;0.02287772
585;0.023037119
586;0.022768589
587;0.022652468
588;0.022558605
589;0.02243926
590;0.02294668
591;0.022822194
592;0.023098134
593;0.022540685
594;0.022677876
595;0.021941373
596;0.02294262
597;0.022733718
598;0.022689747
599;0.022712465
600;0.022742644
601;0.021839343
602;0.02258957
603;0.02250275
604;0.021904703
605;0.022255726
606;0.022419032
607;0.022463867
608;0.022633461
609;0.023171244
610;0.022054223
611;0.022276297
612;0.022070186
613;0.02161434
614;0.022346573
615;0.022153279
616;0.021938423
617;0.022136567
618;0.021821808
619;0.021952115
620;0.021974687
621;0.021905655
622;0.02199265
623;0.022256998
624;0.02175581
625;0.022074068
626;0.021995695
627;0.021450024
628;0.021184294
629;0.02150248
630;0.022184856
631;0.022059774
632;0.022205157
633;0.02197265
634;0.022118973
635;0.022220036
636;0.021635296
637;0.021808526
638;0.021810044
639;0.021017617
640;0.021350345
641;0.021765199
642;0.021506684
643;0.021488765
644;0.021840794
645;0.021677446
646;0.021583421
647;0.02143291
648;0.021567633
649;0.021096617
650;0.02142945
651;0.02177026
652;0.02116218
653;0.021439597
654;0.021458028
655;0.021366602
656;0.02085084
657;0.021787755
658;0.02130489
659;0.02176379
660;0.021594847
661;0.021249263
662;0.021245684
663;0.021225745
664;0.02159635
665;0.02122193
666;0.021027507
667;0.021116963
668;0.020985717
669;0.021529632
670;0.020982057
671;0.02133951
672;0.02137308
673;0.021075334
674;0.020899124
675;0.02117293
676;0.021190159
677;0.020690177
678;0.020965748
679;0.020825636
680;0.020994265
681;0.021039845
682;0.02083309
683;0.020941209
684;0.020974237
685;0.02082507
686;0.02114024
687;0.02063627
688;0.020659503
689;0.020545062
690;0.020678477
691;0.020233907
692;0.020741364
693;0.020415863
694;0.020766681
695;0.020788722
696;0.020277606
697;0.020557499
698;0.020282963
699;0.02052143
700;0.020407084
701;0.019861491
702;0.020495767
703;0.020388247
704;0.020432262
705;0.020414807
706;0.020331994
707;0.020469468
708;0.020402288
709;0.020267341
710;0.02015338
711;0.020369075
712;0.020283423
713;0.01957858
714;0.020267546
715;0.020407818
716;0.020179778
717;0.01972292
718;0.020169012
719;0.020249775
720;0.020619234
721;0.019955799
722;0.019896092
723;0.019433303
724;0.020100426
725;0.019921456
726;0.020135505
727;0.019981433
728;0.01985178
729;0.019874817
730;0.02013312
731;0.020359877
732;0.020060813
733;0.020008054
734;0.020101093
735;0.019590825
736;0.020140594
737;0.019763194
738;0.019338047
739;0.01975433
740;0.020160636
741;0.019887075
742;0.01964677
743;0.01992213
744;0.019999314
745;0.01955367
746;0.01996701
747;0.01939112
748;0.019499762
749;0.019156352
750;0.019239556
751;0.01984218
752;0.019275002
753;0.01947571
754;0.019273665
755;0.019564295
756;0.019300861
757;0.019582834
758;0.019748129
759;0.019508269
760;0.019480038
761;0.019389028
762;0.019389993
763;0.019416256
764;0.019614188
765;0.019156538
766;0.019408958
767;0.019001056
768;0.019401232
769;0.019319998
770;0.0188653
771;0.018884255
772;0.019279895
773;0.019160686
774;0.019485898
775;0.01946471
776;0.019090421
777;0.018977346
778;0.01917941
779;0.018743884
780;0.019128935
781;0.01870924
782;0.018798033
783;0.01878532
784;0.01906026
785;0.018729072
786;0.01896139
787;0.018713977
788;0.019424224
789;0.019308534
790;0.01880053
791;0.019037604
792;0.01887699
793;0.019021912
794;0.018952107
795;0.01908449
796;0.018562162
797;0.018761514
798;0.01892067
799;0.018919546
800;0.01870939
